0	19	6	2.5	1.252
0.032	42	6	2.5	1.252
0.064	53	5	2.5	0.9634
0.096	76	7	2.5	1.5131
0.128	102	10	2.5	2.1765
0.16	127	5	2.5	0.9634
0.192	193	6	2.5	1.252
0.224	345	2	2.5	-0.2664
0.256	557	5	2.5	0.9634
0.288	986	3	2.5	0.2563
0.32	1651	4	2.5	0.639
0.352	2981	2	2.5	-0.2664
0.384	5013	6	2.5	1.252
0.416	8241	4	2.5	0.639
0.448	12766	2	2.5	-0.2664
0.48	19115	4	2.5	0.639
0.512	27179	1	2.5	-1.0192
0.544	36474	3	2.5	0.2563
0.576	47223	5	2.5	0.9634
0.608	58617	5	2.5	0.9634
0.64	69713	4	2.5	0.639
0.672	80227	3	2.5	0.2563
0.704	89246	2	2.5	-0.2664
0.736	95811	6	2.5	1.252
0.768	100868	2	2.5	-0.2664
0.8	102626	5	2.5	0.9634
0.832	101788	2	2.5	-0.2664
0.864	98734	2	2.7	-0.4024
0.896	93815	2	3.1	-0.6456
0.928	87752	3	3.6	-0.2701
0.96	80683	5	4.2	0.311
0.992	72821	3	5	-0.9306
1.024	64302	4	5.9	-0.7777
1.056	56754	5	7.3	-0.8839
1.088	49565	10	10.1	-0.0316
1.12	42457	7	14.6	-2.5266
1.152	36505	8	22.7	-4.6384
1.184	30945	19	36.1	-3.7377
1.216	25902	32	60.8	-4.9438
1.248	21770	79	101.9	-2.545
1.28	18223	136	168.8	-2.7888
1.312	15177	258	270.3	-0.7602
1.344	12682	414	419.4	-0.2649
1.376	10603	635	626.2	0.3501
1.408	8741	991	894.5	3.0613
1.44	7292	1360	1231.1	3.4948
1.472	6029	1822	1634	4.4049
1.504	5099	2330	2093.1	4.9087
1.536	4076	2763	2598.3	3.1326
1.568	3430	3231	3132.9	1.725
1.6	2805	3823	3673.8	2.4136
1.632	2452	4294	4211.6	1.2576
1.664	2089	4934	4719.7	3.0502
1.696	1673	5273	5183	1.2388
1.728	1376	5481	5591.5	-1.4927
1.76	1182	5909	5938.8	-0.3881
1.792	979	6066	6225.5	-2.0474
1.824	844	6396	6451.4	-0.6923
1.856	682	6502	6617.2	-1.4292
1.888	563	6719	6723.9	-0.0594
1.92	507	6746	6787.5	-0.505
1.952	428	6884	6814	0.8442
1.984	340	6841	6805	0.4353
2.016	312	6963	6773	2.2771
2.048	248	6731	6720.1	0.1331
2.08	232	6904	6649.7	3.0601
2.112	172	6617	6569.2	0.5881
2.144	169	6678	6481.3	2.4075
2.176	167	6510	6388.1	1.5113
2.208	115	6446	6292.3	1.9143
2.24	116	6421	6195.3	2.8161
2.272	108	6330	6096.7	2.932
2.304	111	5969	5998.6	-0.3833
2.336	89	6015	5900.8	1.4729
2.368	83	5838	5804.9	0.4335
2.4	69	5725	5708.2	0.2214
2.432	62	5697	5613.8	1.1019
2.464	60	5487	5520.5	-0.4523
2.496	53	5357	5430.2	-0.9996
2.528	0	5404	5341.6	0.8492
2.56	0	5269	5253.5	0.2134
2.592	0	5255	5166.9	1.2158
2.624	0	5179	5082.2	1.3446
2.656	0	5047	4999	0.6755
2.688	0	4967	4917.6	0.7011
2.72	0	4771	4837.3	-0.9606
2.752	0	4681	4758.6	-1.1335
2.784	0	4695	4681.7	0.1948
2.816	0	4565	4606.1	-0.6088
2.848	0	4475	4531.8	-0.8487
2.88	0	4392	4459.1	-1.0128
2.912	0	4399	4387.6	0.1716
2.944	0	4277	4317.7	-0.6225
2.976	0	4240	4248.8	-0.1353
3.008	0	4132	4181.5	-0.77
3.04	0	4053	4115.6	-0.9839
3.072	0	3928	4050.6	-1.9568
3.104	0	4013	3987.1	0.4094
3.136	0	3841	3924.7	-1.3512
3.168	0	3799	3863.7	-1.05
3.2	0	3727	3803.7	-1.2559
3.232	0	3676	3744.8	-1.1344
3.264	0	3598	3686.9	-1.4824
3.296	0	3550	3630.1	-1.345
3.328	0	3402	3574.5	-2.9567
3.36	0	3592	3519.8	1.2049
3.392	0	3397	3465.6	-1.1776
3.424	0	3449	3412.6	0.6195
3.456	0	3368	3360.7	0.1263
3.488	0	3255	3309.7	-0.9593
3.52	0	3193	3259.8	-1.1815
3.552	0	3192	3210.7	-0.3317
3.584	0	3087	3162.6	-1.3612
3.616	0	3070	3115.4	-0.8195
3.648	0	2973	3069.1	-1.7616
3.68	0	3014	3023.5	-0.1739
3.712	0	2970	2978.9	-0.1627
3.744	0	2855	2935	-1.4972
3.776	0	2969	2891.9	1.4146
3.808	0	2833	2849.6	-0.3123
3.84	0	2743	2808.1	-1.2426
3.872	0	2740	2767.3	-0.5212
3.904	0	2648	2727.2	-1.5394
3.936	0	2726	2687.9	0.7306
3.968	0	2626	2649.2	-0.4526
4	0	2593	2611.2	-0.3578
4.032	0	2573	2573.9	-0.0179
4.064	0	2533	2537.3	-0.0846
4.096	0	2486	2501.2	-0.3057
4.128	0	2453	2465.9	-0.2596
4.16	0	2495	2431.1	1.2795
4.192	0	2425	2396.9	0.5701
4.224	0	2297	2363.3	-1.3844
4.256	0	2298	2330.4	-0.6749
4.288	0	2339	2297.9	0.8494
4.32	0	2253	2266	-0.2748
4.352	0	2149	2234.7	-1.8489
4.384	0	2228	2203.9	0.5103
4.416	0	2232	2173.6	1.2354
4.448	0	2140	2143.9	-0.0836
4.48	0	2120	2114.6	0.1172
4.512	0	2113	2085.8	0.5911
4.544	0	2055	2057.5	-0.0559
4.576	0	1997	2029.7	-0.732
4.608	0	2087	2002.4	1.8529
4.64	0	2000	1975.4	0.549
4.672	0	1973	1949	0.5407
4.704	0	1922	1923	-0.0218
4.736	0	1845	1897.4	-1.2189
4.768	0	1853	1872.2	-0.4454
4.8	0	1920	1847.4	1.6569
4.832	0	1842	1823	0.442
4.864	0	1803	1799.1	0.093
4.896	0	1865	1775.5	2.0733
4.928	0	1761	1752.3	0.2085
4.96	0	1716	1729.4	-0.3238
4.992	0	1751	1706.9	1.053
5.024	0	1694	1684.8	0.223
5.056	0	1737	1663.1	1.7743
5.088	0	1598	1641.6	-1.0914
5.12	0	1715	1620.5	2.2809
5.152	0	1581	1599.8	-0.4725
5.184	0	1564	1579.4	-0.3883
5.216	0	1571	1559.2	0.2966
5.248	0	1572	1539.4	0.8211
5.28	0	1604	1520	2.0986
5.312	0	1543	1500.8	1.0754
5.344	0	1480	1481.9	-0.0483
5.376	0	1504	1463.3	1.0508
5.408	0	1457	1444.9	0.3163
5.44	0	1406	1426.9	-0.5568
5.472	0	1456	1409.1	1.2289
5.504	0	1370	1391.6	-0.5837
5.536	0	1397	1374.4	0.6056
5.568	0	1432	1357.4	1.9718
5.6	0	1379	1340.7	1.0326
5.632	0	1295	1324.2	-0.8108
5.664	0	1350	1307.9	1.1446
5.696	0	1253	1292	-1.1004
5.728	0	1276	1276.2	-0.0054
5.76	0	1252	1260.7	-0.245
5.792	0	1258	1245.4	0.3561
5.824	0	1223	1230.3	-0.2087
5.856	0	1225	1215.4	0.2731
5.888	0	1151	1200.8	-1.468
5.92	0	1201	1186.4	0.422
5.952	0	1164	1172.2	-0.2391
5.984	0	1185	1158.1	0.7802
6.016	0	1168	1144.3	0.6926
6.048	0	1108	1130.7	-0.6823
6.08	0	1166	1117.3	1.4265
6.112	0	1117	1104.1	0.3873
6.144	0	1046	1091	-1.3917
6.176	0	1081	1078.1	0.0868
6.208	0	1118	1065.5	1.5712
6.24	0	1072	1053	0.5815
6.272	0	1064	1040.6	0.7164
6.304	0	1055	1028.5	0.8166
6.336	0	1066	1016.5	1.5166
6.368	0	1006	1004.7	0.0422
6.4	0	1045	993	1.6086
6.432	0	959	981.5	-0.7258
6.464	0	961	970.2	-0.295
6.496	0	1008	959	1.5444
6.528	0	906	947.9	-1.3915
6.56	0	900	937	-1.2334
6.592	0	932	926.3	0.1864
6.624	0	918	915.7	0.0755
6.656	0	891	905.3	-0.4771
6.688	0	876	894.9	-0.6393
6.72	0	910	884.8	0.8355
6.752	0	875	874.7	0.0092
6.784	0	869	864.8	0.1416
6.816	0	863	855	0.2704
6.848	0	846	845.4	0.0206
6.88	0	819	835.9	-0.5891
6.912	0	851	826.5	0.8394
6.944	0	796	817.2	-0.7509
6.976	0	857	808.1	1.6697
7.008	0	842	799	1.4791
7.04	0	770	790.1	-0.7239
7.072	0	760	781.3	-0.7722
7.104	0	734	772.6	-1.4239
7.136	0	762	764.1	-0.0743
7.168	0	731	755.6	-0.9082
7.2	0	722	747.2	-0.9377
7.232	0	726	739	-0.4811
7.264	0	759	730.8	1.021
7.296	0	730	722.8	0.2664
7.328	0	769	714.9	1.9501
7.36	0	721	707	0.5203
7.392	0	689	699.3	-0.3906
7.424	0	697	691.6	0.2034
7.456	0	691	684.1	0.2631
7.488	0	669	676.6	-0.294
7.52	0	594	669.3	-3.0825
7.552	0	645	662	-0.6676
7.584	0	667	654.8	0.4717
7.616	0	655	647.7	0.2845
7.648	0	638	640.7	-0.1068
7.68	0	652	633.8	0.7124
7.712	0	633	626.9	0.2402
7.744	0	608	620.2	-0.4937
7.776	0	610	613.5	-0.1425
7.808	0	622	606.9	0.603
7.84	0	614	600.4	0.5469
7.872	0	607	594	0.5269
7.904	0	569	587.6	-0.7802
7.936	0	550	581.4	-1.3351
7.968	0	579	575.2	0.159
8	0	556	569	-0.5521
8.032	0	592	563	1.1904
8.064	0	585	557	1.1554
8.096	0	555	551.1	0.1654
8.128	0	561	545.3	0.6635
8.16	0	539	539.5	-0.0209
8.192	0	562	533.8	1.1881
8.224	0	532	528.1	0.1667
8.256	0	526	522.6	0.1489
8.288	0	527	517.1	0.4315
8.32	0	537	511.6	1.0925
8.352	0	523	506.3	0.7306
8.384	0	503	500.9	0.0914
8.416	0	509	495.7	0.5886
8.448	0	549	490.5	2.492
8.48	0	492	485.4	0.2981
8.512	0	546	480.3	2.8065
8.544	0	485	475.3	0.44
8.576	0	455	470.3	-0.7174
8.608	0	464	465.4	-0.0666
8.64	0	441	460.6	-0.9311
8.672	0	428	455.8	-1.3412
8.704	0	470	451.1	0.8709
8.736	0	434	446.4	-0.5939
8.768	0	456	441.8	0.6646
8.8	0	426	437.2	-0.5416
8.832	0	417	432.7	-0.7663
8.864	0	398	428.2	-1.5108
8.896	0	418	423.8	-0.2829
8.928	0	425	419.4	0.2696
8.96	0	407	415.1	-0.401
8.992	0	436	410.8	1.2023
9.024	0	422	406.6	0.7471
9.056	0	383	402.4	-0.9908
9.088	0	391	398.3	-0.3688
9.12	0	395	394.2	0.0387
9.152	0	368	390.2	-1.1537
9.184	0	372	386.2	-0.7342
9.216	0	390	382.3	0.3914
9.248	0	387	378.3	0.4388
9.28	0	386	374.5	0.5846
9.312	0	349	370.7	-1.1565
9.344	0	381	366.9	0.721
9.376	0	344	363.2	-1.0298
9.408	0	397	359.5	1.8793
9.44	0	320	355.8	-1.9955
9.472	0	362	352.2	0.5139
9.504	0	352	348.6	0.1796
9.536	0	339	345.1	-0.3296
9.568	0	315	341.6	-1.4935
9.6	0	351	338.1	0.6849
9.632	0	341	334.7	0.3395
9.664	0	314	331.3	-0.9749
9.696	0	335	328	0.3822
9.728	0	317	324.7	-0.4296
9.76	0	311	321.4	-0.5878
9.792	0	311	318.2	-0.4047
9.824	0	277	315	-2.2724
9.856	0	279	311.8	-1.9559
9.888	0	295	308.7	-0.7922
9.92	0	291	305.6	-0.8501
9.952	0	296	302.5	-0.3755
9.984	0	304	299.4	0.2603
10.016	0	291	296.4	-0.3181
10.048	0	291	293.5	-0.1445
10.08	0	282	290.5	-0.5065
10.112	0	280	287.6	-0.4542
10.144	0	293	284.8	0.4803
10.176	0	279	281.9	-0.1733
10.208	0	269	279.1	-0.6129
10.24	0	287	276.3	0.6292
10.272	0	302	273.5	1.6318
10.304	0	255	270.8	-0.9869
10.336	0	280	268.1	0.7073
10.368	0	244	265.5	-1.3679
10.4	0	270	262.8	0.4358
10.432	0	248	260.2	-0.7715
10.464	0	255	257.6	-0.163
10.496	0	265	255.1	0.6087
10.528	0	278	252.5	1.5226
10.56	0	247	250	-0.1912
10.592	0	262	247.5	0.89
10.624	0	248	245.1	0.1843
10.656	0	237	242.7	-0.3661
10.688	0	255	240.3	0.9196
10.72	0	215	237.9	-1.5533
10.752	0	238	235.5	0.1595
10.784	0	213	233.2	-1.3778
10.816	0	214	230.9	-1.1499
10.848	0	225	228.6	-0.2403
10.88	0	224	226.4	-0.1574
10.912	0	207	224.1	-1.1852
10.944	0	199	221.9	-1.6171
10.976	0	183	219.7	-2.7013
11.008	0	206	217.6	-0.8027
11.04	0	232	215.4	1.0828
11.072	0	215	213.3	0.1142
11.104	0	204	211.2	-0.5032
11.136	0	215	209.1	0.3973
11.168	0	220	207.1	0.8662
11.2	0	183	205.1	-1.6221
11.232	0	202	203.1	-0.0736
11.264	0	189	201.1	-0.8727
11.296	0	206	199.1	0.479
11.328	0	198	197.1	0.0607
11.36	0	186	195.2	-0.6719
11.392	0	214	193.3	1.4083
11.424	0	181	191.4	-0.7697
11.456	0	168	189.5	-1.6523
11.488	0	180	187.7	-0.5701
11.52	0	189	185.9	0.2273
11.552	0	189	184	0.3585
11.584	0	171	182.2	-0.8553
11.616	0	194	180.5	0.9662
11.648	0	150	178.7	-2.329
11.68	0	169	177	-0.6098
11.712	0	187	175.3	0.8546
11.744	0	165	173.5	-0.6613
11.776	0	173	171.9	0.0863
11.808	0	178	170.2	0.5823
11.84	0	172	168.5	0.2627
11.872	0	156	166.9	-0.867
11.904	0	177	165.3	0.8762
11.936	0	154	163.7	-0.7745
11.968	0	148	162.1	-1.1502
12	0	148	160.5	-1.0219
12.032	0	169	159	0.7677
12.064	0	165	157.4	0.5865
12.096	0	152	155.9	-0.314
12.128	0	144	154.4	-0.8598
12.16	0	152	152.9	-0.0722
12.192	0	142	151.4	-0.7848
12.224	0	173	150	1.742
12.256	0	135	148.5	-1.1539
12.288	0	137	147.1	-0.8543
12.32	0	164	145.7	1.424
12.352	0	128	144.2	-1.4251
12.384	0	154	142.9	0.892
12.416	0	130	141.5	-0.9994
12.448	0	141	140.1	0.0737
12.48	0	138	138.8	-0.0651
12.512	0	139	137.4	0.1318
12.544	0	145	136.1	0.733
12.576	0	112	134.8	-2.1359
12.608	0	121	133.5	-1.1279
12.64	0	135	132.2	0.2369
12.672	0	134	131	0.2609
12.704	0	112	129.7	-1.6578
12.736	0	142	128.5	1.1286
12.768	0	152	127.2	1.9964
12.8	0	107	126	-1.8205
12.832	0	140	124.8	1.2757
12.864	0	103	123.6	-2.0107
12.896	0	113	122.4	-0.8785
12.928	0	132	121.3	0.9286
12.96	0	110	120.1	-0.9535
12.992	0	108	118.9	-1.0434
13.024	0	113	117.8	-0.4482
13.056	0	98	116.7	-1.8682
13.088	0	102	115.6	-1.3305
13.12	0	133	114.5	1.5951
13.152	0	120	113.4	0.5998
13.184	0	111	112.3	-0.1218
13.216	0	110	111.2	-0.1157
13.248	0	120	110.2	0.8904
13.28	0	105	109.1	-0.398
13.312	0	119	108.1	0.9928
13.344	0	94	107.1	-1.3321
13.376	0	117	106	1.0052
13.408	0	97	105	-0.8068
13.44	0	111	104	0.6557
13.472	0	122	103	1.7023
13.504	0	97	102.1	-0.5091
13.536	0	99	101.1	-0.2087
13.568	0	104	100.1	0.3749
13.6	0	98	99.2	-0.1191
13.632	0	92	98.3	-0.6449
13.664	0	94	97.3	-0.3391
13.696	0	102	96.4	0.5489
13.728	0	111	95.5	1.459
13.76	0	93	94.6	-0.163
13.792	0	101	93.7	0.7197
13.824	0	90	92.8	-0.2931
13.856	0	84	91.9	-0.8557
13.888	0	88	91.1	-0.3235
13.92	0	99	90.2	0.8746
13.952	0	86	89.4	-0.3583
13.984	0	91	88.5	0.2572
14.016	0	102	87.7	1.4035
14.048	0	102	86.9	1.4844
14.08	0	84	86	-0.2206
14.112	0	82	85.2	-0.3532
14.144	0	82	84.4	-0.2659
14.176	0	107	83.6	2.2371
14.208	0	81	82.9	-0.2042
14.24	0	93	82.1	1.12
14.272	0	84	81.3	0.2896
14.304	0	83	80.6	0.2655
14.336	0	79	79.8	-0.0887
14.368	0	88	79.1	0.9432
14.4	0	66	78.3	-1.4932
14.432	0	82	77.6	0.4821
14.464	0	71	76.9	-0.6855
14.496	0	68	76.1	-0.9728
14.528	0	73	75.4	-0.2805
14.56	0	96	74.7	2.1491
14.592	0	64	74	-1.2345
14.624	0	76	73.3	0.3012
14.656	0	71	72.7	-0.194
14.688	0	69	72	-0.3539
14.72	0	59	71.3	-1.5765
14.752	0	81	70.6	1.1361
14.784	0	76	70	0.68
14.816	0	73	69.3	0.4221
14.848	0	67	68.7	-0.2048
14.88	0	64	68.1	-0.5003
14.912	0	71	67.4	0.4174
14.944	0	65	66.8	-0.2211
14.976	0	61	66.2	-0.6541
15.008	0	59	65.6	-0.8425
15.04	0	71	65	0.7053
15.072	0	57	64.4	-0.96
15.104	0	69	63.8	0.6195
15.136	0	68	63.2	0.5747
15.168	0	63	62.6	0.0485
15.2	0	72	62	1.1587
15.232	0	56	61.5	-0.7171
15.264	0	72	60.9	1.2908
15.296	0	55	60.3	-0.7068
15.328	0	69	59.8	1.0939
15.36	0	48	59.2	-1.5887
15.392	0	71	58.7	1.4407
15.424	0	62	58.2	0.481
15.456	0	61	57.6	0.4259
15.488	0	62	57.1	0.6135
15.52	0	61	56.6	0.5582
15.552	0	51	56.1	-0.6941
15.584	0	51	55.5	-0.6237
15.616	0	60	55	0.6307
15.648	0	42	54.5	-1.8893
15.68	0	49	54	-0.705
15.712	0	61	53.5	0.9396
15.744	0	51	53.1	-0.2823
15.776	0	58	52.6	0.7007
15.808	0	55	52.1	0.3848
15.84	0	56	51.6	0.5749
15.872	0	51	51.2	-0.0211
15.904	0	63	50.7	1.527
15.936	0	55	50.2	0.6318
15.968	0	54	49.8	0.5645
16	0	53	49.3	0.4955
16.032	0	48	48.9	-0.1244
16.064	0	50	48.4	0.2166
16.096	0	46	48	-0.2888
16.128	0	51	47.6	0.4714
16.16	0	41	47.1	-0.9363
16.192	0	54	46.7	0.9735
16.224	0	61	46.3	1.8527
16.256	0	47	45.9	0.1602
16.288	0	54	45.5	1.1403
16.32	0	58	45.1	1.6707
16.352	0	43	44.7	-0.2467
16.384	0	51	44.3	0.9265
16.416	0	46	43.9	0.309
16.448	0	46	43.5	0.3656
16.48	0	32	43.1	-1.9
16.512	0	40	42.7	-0.4157
16.544	0	45	42.3	0.3918
16.576	0	45	41.9	0.4468
16.608	0	34	41.6	-1.2606
16.64	0	49	41.2	1.0931
16.672	0	35	40.8	-0.9581
16.704	0	38	40.5	-0.3898
16.736	0	39	40.1	-0.1729
16.768	0	43	39.8	0.4843
16.8	0	44	39.4	0.6783
16.832	0	39	39.1	-0.008
16.864	0	37	38.7	-0.2733
16.896	0	38	38.4	-0.0577
16.928	0	35	38	-0.4976
16.96	0	32	37.7	-0.9762
16.992	0	38	37.4	0.1011
17.024	0	40	37	0.4579
17.056	0	37	36.7	0.0469
17.088	0	39	36.4	0.4084
17.12	0	35	36.1	-0.1753
17.152	0	49	35.8	1.8554
17.184	0	28	35.4	-1.3581
17.216	0	36	35.1	0.1413
17.248	0	29	34.8	-1.0457
17.28	0	29	34.5	-0.9912
17.312	0	34	34.2	-0.0364
17.344	0	39	33.9	0.7932
17.376	0	45	33.6	1.6589
17.408	0	29	33.3	-0.7785
17.44	0	43	33	1.4839
17.472	0	28	32.8	-0.8691
17.504	0	35	32.5	0.4148
17.536	0	35	32.2	0.4609
17.568	0	33	31.9	0.1828
17.6	0	38	31.6	1.005
17.632	0	38	31.4	1.048
17.664	0	35	31.1	0.6408
17.696	0	33	30.8	0.366
17.728	0	29	30.6	-0.282
17.76	0	40	30.3	1.4953
17.792	0	31	30	0.1654
17.824	0	21	29.8	-1.8334
17.856	0	28	29.5	-0.281
17.888	0	31	29.3	0.2981
17.92	0	22	29	-1.4366
17.952	0	40	28.8	1.7295
17.984	0	27	28.5	-0.2873
18.016	0	35	28.3	1.1006
18.048	0	37	28.1	1.4307
18.08	0	25	27.8	-0.5443
18.112	0	27	27.6	-0.1102
18.144	0	31	27.4	0.6334
18.176	0	33	27.1	0.9921
18.208	0	25	26.9	-0.3662
18.24	0	20	26.7	-1.4236
18.272	0	25	26.5	-0.2797
18.304	0	20	26.2	-1.3287
18.336	0	23	26	-0.6025
18.368	0	29	25.8	0.5755
18.4	0	31	25.6	0.9434
18.432	0	35	25.4	1.5835
18.464	0	24	25.2	-0.2269
18.496	0	32	24.9	1.2094
18.528	0	28	24.7	0.595
18.56	0	28	24.5	0.6323
18.592	0	25	24.3	0.1281
18.624	0	29	24.1	0.874
18.656	0	14	23.9	-2.4837
18.688	0	30	23.7	1.1069
18.72	0	31	23.5	1.298
18.752	0	23	23.4	-0.0701
18.784	0	28	23.2	0.8838
18.816	0	27	23	0.7483
18.848	0	21	22.8	-0.3717
18.88	0	24	22.6	0.2751
18.912	0	31	22.4	1.4946
18.944	0	17	22.2	-1.2003
18.976	0	32	22.1	1.7061
19.008	0	25	21.9	0.6017
19.04	0	23	21.7	0.2606
19.072	0	20	21.5	-0.3246
19.104	0	25	21.3	0.7026
19.136	0	28	21.2	1.2456
19.168	0	23	21	0.3984
19.2	0	19	20.8	-0.4014
19.232	0	31	20.7	1.7975
19.264	0	20	20.5	-0.1084
19.296	0	31	20.3	1.8546
19.328	0	27	20.2	1.2658
19.36	0	23	20	0.5953
19.392	0	26	19.9	1.1593
19.424	0	14	19.7	-1.4271
19.456	0	28	19.6	1.5423
19.488	0	22	19.4	0.5309
19.52	0	18	19.2	-0.2788
19.552	0	27	19.1	1.4678
19.584	0	12	18.9	-1.8564
19.616	0	24	18.8	1.0201
19.648	0	12	18.7	-1.7777
19.68	0	11	18.5	-2.0818
19.712	0	20	18.4	0.3489
19.744	0	23	18.2	0.9557
19.776	0	27	18.1	1.6564
19.808	0	20	17.9	0.439
19.84	0	13	17.8	-1.2401
19.872	0	21	17.7	0.6951
19.904	0	18	17.5	0.1049
19.936	0	15	17.4	-0.5813
19.968	0	15	17.3	-0.5491
20	0	25	17.1	1.5141
20.032	0	17	17	-0.0005
20.064	0	17	16.9	0.029
20.096	0	22	16.7	1.0725
20.128	0	18	16.6	0.3087
20.16	0	23	16.5	1.3011
20.192	0	17	16.4	0.1444
20.224	0	12	16.2	-1.1351
20.256	0	14	16.1	-0.5315
20.288	0	13	16	-0.7761
20.32	0	16	15.9	0.0267
20.352	0	17	15.8	0.2825
20.384	0	19	15.7	0.7306
20.416	0	14	15.5	-0.3841
20.448	0	17	15.4	0.3621
20.48	0	23	15.3	1.5384
20.512	0	20	15.2	1.0243
20.544	0	12	15.1	-0.8243
20.576	0	10	15	-1.4361
20.608	0	13	14.9	-0.4817
20.64	0	16	14.8	0.2928
20.672	0	20	14.7	1.1406
20.704	0	18	14.5	0.7727
20.736	0	10	14.4	-1.2817
20.768	0	22	14.3	1.5644
20.8	0	14	14.2	-0.0583
20.832	0	16	14.1	0.4404
20.864	0	11	14	-0.8404
20.896	0	13	13.9	-0.2403
20.928	0	8	13.8	-1.8444
20.96	0	15	13.7	0.3071
20.992	0	14	13.6	0.0907
21.024	0	13	13.5	-0.1397
21.056	0	11	13.4	-0.6783
21.088	0	23	13.4	1.9296
21.12	0	22	13.3	1.7843
21.152	0	8	13.2	-1.6339
21.184	0	14	13.1	0.2312
21.216	0	10	13	-0.8616
21.248	0	11	12.9	-0.5255
21.28	0	19	12.8	1.3515
21.312	0	13	12.7	0.0727
21.344	0	11	12.6	-0.4524
21.376	0	14	12.5	0.3637
21.408	0	10	12.5	-0.7102
21.44	0	10	12.4	-0.6858
21.472	0	19	12.3	1.4637
21.504	0	20	12.2	1.6612
21.536	0	12	12.1	-0.034
21.568	0	16	12	0.9319
21.6	0	14	12	0.5086
21.632	0	11	11.9	-0.2456
21.664	0	13	11.8	0.308
21.696	0	9	11.7	-0.8227
21.728	0	13	11.7	0.3482
21.76	0	7	11.6	-1.525
21.792	0	13	11.5	0.3875
21.824	0	12	11.4	0.1539
21.856	0	12	11.3	0.1738
21.888	0	15	11.3	0.9032
21.92	0	10	11.2	-0.3474
21.952	0	17	11.1	1.3464
21.984	0	10	11.1	-0.3059
22.016	0	19	11	1.748
22.048	0	13	10.9	0.5374
22.08	0	12	10.8	0.3075
22.112	0	18	10.8	1.6143
22.144	0	8	10.7	-0.8579
22.176	0	7	10.6	-1.2151
22.208	0	10	10.6	-0.167
22.24	0	6	10.5	-1.5962
22.272	0	6	10.4	-1.573
22.304	0	8	10.4	-0.7534
22.336	0	8	10.3	-0.7331
22.368	0	7	10.3	-1.0848
22.4	0	11	10.2	0.2242
22.432	0	12	10.1	0.4999
22.464	0	14	10.1	0.9831
22.496	0	10	10	-0.0019
22.528	0	12	9.9	0.5489
22.56	0	6	9.9	-1.3747
22.592	0	11	9.8	0.3253
22.624	0	15	9.8	1.2689
22.656	0	13	9.7	0.8495
22.688	0	11	9.7	0.3737
22.72	0	4	9.6	-2.3227
22.752	0	12	9.5	0.6577
22.784	0	7	9.5	-0.8277
22.816	0	13	9.4	0.9223
22.848	0	9	9.4	-0.1124
22.88	0	8	9.3	-0.417
22.912	0	9	9.3	-0.0799
22.944	0	11	9.2	0.4959
22.976	0	6	9.2	-1.1174
23.008	0	10	9.1	0.2579
23.04	0	15	9.1	1.4419
23.072	0	12	9	0.8007
23.104	0	5	9	-1.4997
23.136	0	5	8.9	-1.4807
23.168	0	8	8.9	-0.2699
23.2	0	10	8.8	0.3452
23.232	0	15	8.8	1.5146
23.264	0	16	8.7	1.7188
23.296	0	7	8.7	-0.5531
23.328	0	6	8.6	-0.924
23.36	0	9	8.6	0.1311
23.392	0	7	8.5	-0.5063
23.424	0	10	8.5	0.4408
23.456	0	5	8.4	-1.3003
23.488	0	11	8.4	0.7259
23.52	0	15	8.3	1.6159
23.552	0	12	8.3	0.9905
23.584	0	15	8.2	1.6372
23.616	0	13	8.2	1.2376
23.648	0	12	8.2	1.0252
23.68	0	7	8.1	-0.3738
23.712	0	6	8.1	-0.7355
23.744	0	14	8	1.4906
23.776	0	12	8	1.0699
23.808	0	4	8	-1.642
23.84	0	9	7.9	0.3271
23.872	0	9	7.9	0.3391
23.904	0	11	7.8	0.8776
23.936	0	14	7.8	1.551
23.968	0	7	7.8	-0.2524
24	0	10	7.7	0.6585
24.032	0	9	7.7	0.3977
24.064	0	15	7.6	1.7844
24.096	0	13	7.6	1.3928
24.128	0	6	7.6	-0.5549
24.16	0	12	7.5	1.194
24.192	0	11	7.5	0.9718
24.224	0	12	7.5	1.2133
24.256	0	9	7.4	0.4751
24.288	0	11	7.4	1.0014
24.32	0	8	7.4	0.2043
24.352	0	7	7.3	-0.1065
24.384	0	7	7.3	-0.0951
24.416	0	14	7.3	1.6871
24.448	0	8	7.2	0.2474
24.48	0	4	7.2	-1.322
24.512	0	6	7.2	-0.4074
24.544	0	14	7.1	1.7202
24.576	0	11	7.1	1.0851
24.608	0	8	7.1	0.2989
24.64	0	8	7	0.3089
24.672	0	10	7	0.8683
24.704	0	8	7	0.3286
24.736	0	6	6.9	-0.3291
24.768	0	3	6.9	-1.8527
24.8	0	6	6.9	-0.3077
24.832	0	6	6.8	-0.2971
24.864	0	10	6.8	0.9208
24.896	0	13	6.8	1.6057
24.928	0	4	6.8	-1.1425
24.96	0	12	6.7	1.41
24.992	0	10	6.7	0.954
25.024	0	3	6.7	-1.7421
25.056	0	7	6.6	0.1202
25.088	0	8	6.6	0.439
25.12	0	10	6.6	0.986
25.152	0	9	6.6	0.7364
25.184	0	11	6.5	1.2394
25.216	0	9	6.5	0.7524
25.248	0	8	6.5	0.4813
25.28	0	11	6.5	1.2612
25.312	0	7	6.4	0.1912
25.344	0	8	6.4	0.5058
25.376	0	9	6.4	0.7912
25.408	0	5	6.4	-0.5124
25.44	0	10	6.3	1.0607
25.472	0	5	6.3	-0.4937
25.504	0	11	6.3	1.3097
25.536	0	9	6.3	0.8281
25.568	0	9	6.2	0.8353
25.6	0	11	6.2	1.3295
25.632	0	3	6.2	-1.5118
25.664	0	9	6.2	0.8564
25.696	0	6	6.1	-0.0483
25.728	0	7	6.1	0.2954
25.76	0	6	6.1	-0.0323
25.792	0	6	6.1	-0.0245
25.824	0	8	6	0.6176
25.856	0	5	6	-0.389
25.888	0	7	6	0.332
25.92	0	6	6	0.0062
25.952	0	5	6	-0.3647
25.984	0	10	5.9	1.1719
26.016	0	7	5.9	0.3601
26.048	0	9	5.9	0.9348
26.08	0	6	5.9	0.0429
26.112	0	13	5.9	1.8439
26.144	0	8	5.8	0.6835
26.176	0	5	5.8	-0.3107
26.208	0	11	5.8	1.4422
26.24	0	10	5.8	1.2182
26.272	0	6	5.8	0.0845
26.304	0	6	5.7	0.0912
26.336	0	7	5.7	0.4256
26.368	0	9	5.7	0.9935
26.4	0	8	5.7	0.7317
26.432	0	7	5.7	0.444
26.464	0	8	5.6	0.7432
26.496	0	7	5.6	0.456
26.528	0	8	5.6	0.7545
26.56	0	14	5.6	2.1008
26.592	0	5	5.6	-0.2198
26.624	0	8	5.6	0.771
26.656	0	5	5.5	-0.2068
26.688	0	5	5.5	-0.2004
26.72	0	10	5.5	1.2957
26.752	0	7	5.5	0.5016
26.784	0	6	5.5	0.1844
26.816	0	7	5.5	0.5125
26.848	0	5	5.4	-0.1694
26.88	0	4	5.4	-0.5938
26.912	0	8	5.4	0.8176
26.944	0	2	5.4	-1.966
26.976	0	6	5.4	0.218
27.008	0	8	5.4	0.8322
27.04	0	4	5.4	-0.5618
27.072	0	12	5.3	1.7802
27.104	0	4	5.3	-0.5494
27.136	0	5	5.3	-0.1171
27.168	0	6	5.3	0.2496
27.2	0	7	5.3	0.5734
27.232	0	7	5.3	0.5781
27.264	0	7	5.3	0.5829
27.296	0	5	5.2	-0.0901
27.328	0	8	5.2	0.8781
27.36	0	4	5.2	-0.5022
27.392	0	7	5.2	0.6012
27.424	0	7	5.2	0.6057
27.456	0	8	5.2	0.8952
27.488	0	3	5.2	-1.0244
27.52	0	4	5.1	-0.4746
27.552	0	6	5.1	0.3076
27.584	0	5	5.1	-0.0446
27.616	0	6	5.1	0.3167
27.648	0	4	5.1	-0.4534
27.68	0	7	5.1	0.6401
27.712	0	6	5.1	0.3299
27.744	0	2	5.1	-1.7671
27.776	0	7	5	0.6523
27.808	0	9	5	1.1965
27.84	0	5	5	-0.0074
27.872	0	5	5	-0.0029
27.904	0	5	5	0.0015
27.936	0	5	5	0.0058
27.968	0	6	5	0.3632
28	0	4	5	-0.3993
28.032	0	2	5	-1.7066
28.064	0	3	4.9	-0.9215
28.096	0	9	4.9	1.2274
28.128	0	6	4.9	0.3828
28.16	0	5	4.9	0.0352
28.192	0	7	4.9	0.7011
28.224	0	8	4.9	0.9848
28.256	0	13	4.9	2.0977
28.288	0	5	4.9	0.0511
28.32	0	6	4.9	0.405
28.352	0	6	4.8	0.4086
28.384	0	4	4.8	-0.3466
28.416	0	8	4.8	1.0041
28.448	0	8	4.8	1.0072
28.48	0	4	4.8	-0.3344
28.512	0	6	4.8	0.426
28.544	0	10	4.8	1.5051
28.576	0	10	4.8	1.5078
28.608	0	7	4.8	0.7442
28.64	0	8	4.8	1.0252
28.672	0	4	4.7	-0.3109
28.704	0	4	4.7	-0.3072
28.736	0	7	4.7	0.7563
28.768	0	6	4.7	0.452
28.8	0	7	4.7	0.7623
28.832	0	3	4.7	-0.8097
28.864	0	1	4.7	-2.5791
28.896	0	6	4.7	0.4643
28.928	0	9	4.7	1.3027
28.96	0	6	4.7	0.4703
28.992	0	10	4.7	1.541
29.024	0	4	4.7	-0.2714
29.056	0	6	4.6	0.4791
29.088	0	9	4.6	1.3152
29.12	0	4	4.6	-0.2614
29.152	0	5	4.6	0.1435
29.184	0	8	4.6	1.0709
29.216	0	9	4.6	1.3247
29.248	0	6	4.6	0.4958
29.28	0	5	4.6	0.1552
29.312	0	6	4.6	0.5011
29.344	0	8	4.6	1.0829
29.376	0	8	4.6	1.0852
29.408	0	9	4.6	1.3382
29.44	0	7	4.6	0.8154
29.472	0	7	4.5	0.8178
29.504	0	11	4.5	1.7916
29.536	0	4	4.5	-0.2211
29.568	0	7	4.5	0.8248
29.6	0	5	4.5	0.1826
29.632	0	4	4.5	-0.2125
29.664	0	1	4.5	-2.446
29.696	0	5	4.5	0.1903
29.728	0	3	4.5	-0.7087
29.76	0	6	4.5	0.5358
29.792	0	4	4.5	-0.1987
29.824	0	4	4.5	-0.196
29.856	0	4	4.5	-0.1934
29.888	0	2	4.5	-1.4225
29.92	0	6	4.5	0.5471
29.952	0	2	4.4	-1.4153
29.984	0	2	4.4	-1.4118
30.016	0	4	4.4	-0.1805
30.048	0	5	4.4	0.2167
30.08	0	4	4.4	-0.1756
30.112	0	6	4.4	0.5599
30.144	0	10	4.4	1.6134
30.176	0	3	4.4	-0.6677
30.208	0	7	4.4	0.8668
30.24	0	4	4.4	-0.1636
30.272	0	2	4.4	-1.3814
30.304	0	6	4.4	0.572
30.336	0	3	4.4	-0.6543
30.368	0	0	4.4	-3.1796
30.4	0	7	4.4	0.8778
30.432	0	7	4.4	0.8796
30.464	0	5	4.4	0.2444
30.496	0	6	4.4	0.5834
30.528	0	6	4.3	0.5853
30.56	0	2	4.3	-1.3536
30.592	0	5	4.3	0.2522
30.624	0	7	4.3	0.8899
30.656	0	5	4.3	0.256
30.688	0	6	4.3	0.5942
30.72	0	7	4.3	0.8949
30.752	0	5	4.3	0.2616
30.784	0	2	4.3	-1.3336
30.816	0	3	4.3	-0.618
30.848	0	8	4.3	1.1713
30.88	0	6	4.3	0.6043
30.912	0	8	4.3	1.1743
30.944	0	6	4.3	0.6076
30.976	0	2	4.3	-1.3175
31.008	0	6	4.3	0.6107
31.04	0	8	4.3	1.1799
31.072	0	10	4.3	1.6557
31.104	0	0	4.3	-3.0984
31.136	0	5	4.3	0.2823
31.168	0	5	4.3	0.2839
31.2	0	8	4.2	1.1868
31.232	0	2	4.2	-1.2974
31.264	0	4	4.2	-0.0993
31.296	0	5	4.2	0.2902
31.328	0	12	4.2	2.0762
31.36	0	6	4.2	0.6272
31.392	0	4	4.2	-0.0926
31.424	0	4	4.2	-0.0909
31.456	0	3	4.2	-0.5773
31.488	0	7	4.2	0.9296
31.52	0	4	4.2	-0.0861
31.552	0	5	4.2	0.3021
31.584	0	1	4.2	-2.233
31.616	0	3	4.2	-0.5683
31.648	0	4	4.2	-0.0799
31.68	0	5	4.2	0.3077
31.712	0	2	4.2	-1.2639
31.744	0	7	4.2	0.9394
31.776	0	7	4.2	0.9406
31.808	0	10	4.2	1.6817
31.84	0	7	4.2	0.9429
31.872	0	2	4.2	-1.2538
31.904	0	5	4.2	0.317
31.936	0	7	4.2	0.9463
31.968	0	5	4.2	0.3196
32	0	8	4.2	1.2162
32.032	0	4	4.2	-0.0627
32.064	0	3	4.1	-0.5453
32.096	0	4	4.1	-0.06
32.128	0	6	4.1	0.6574
32.16	0	1	4.1	-2.19
32.192	0	1	4.1	-2.1879
32.224	0	5	4.1	0.3292
32.256	0	5	4.1	0.3304
32.288	0	7	4.1	0.958
32.32	0	9	4.1	1.4703
32.352	0	6	4.1	0.665
32.384	0	2	4.1	-1.2245
32.416	0	4	4.1	-0.0474
32.448	0	4	4.1	-0.0462
32.48	0	3	4.1	-0.5266
32.512	0	0	4.1	-2.986
32.544	0	4	4.1	-0.0427
32.576	0	7	4.1	0.9666
32.608	0	9	4.1	1.478
32.64	0	5	4.1	0.3434
32.672	0	6	4.1	0.6749
32.704	0	6	4.1	0.6759
32.736	0	8	4.1	1.2376
32.768	0	6	4.1	0.6777
32.8	0	2	4.1	-1.2039
32.832	0	7	4.1	0.9737
32.864	0	6	4.1	0.6804
32.896	0	7	4.1	0.9754
32.928	0	2	4.1	-1.198
32.96	0	4	4.1	-0.0286
32.992	0	2	4.1	-1.1952
33.024	0	4	4.1	-0.0266
33.056	0	2	4.1	-1.1924
33.088	0	2	4.1	-1.1911
33.12	0	6	4.1	0.6873
33.152	0	6	4.1	0.6881
33.184	0	3	4.1	-0.4999
33.216	0	4	4.1	-0.0208
33.248	0	5	4	0.3612
33.28	0	5	4	0.362
33.312	0	5	4	0.3629
33.344	0	5	4	0.3637
33.376	0	3	4	-0.4936
33.408	0	3	4	-0.4926
33.44	0	3	4	-0.4916
33.472	0	5	4	0.367
33.504	0	1	4	-2.1149
33.536	0	4	4	-0.0119
33.568	0	4	4	-0.011
33.6	0	4	4	-0.0102
33.632	0	7	4	0.9925
33.664	0	4	4	-0.0085
33.696	0	3	4	-0.4839
33.728	0	3	4	-0.483
33.76	0	5	4	0.3738
33.792	0	7	4	0.9957
33.824	0	4	4	-0.0045
33.856	0	5	4	0.3759
33.888	0	1	4	-2.0985
33.92	0	7	4	0.9982
33.952	0	6	4	0.7062
33.984	0	6	4	0.7068
34.016	0	3	4	-0.475
34.048	0	5	4	0.38
34.08	0	7	4	1.0012
34.112	0	5	4	0.3814
34.144	0	4	4	0.0029
34.176	0	2	4	-1.1517
34.208	0	2	4	-1.1508
34.24	0	3	4	-0.4694
34.272	0	0	4	-2.8992
34.304	0	6	4	0.7129
34.336	0	3	4	-0.467
34.368	0	3	4	-0.4663
34.4	0	4	4	0.0083
34.432	0	9	4	1.5139
34.464	0	6	4	0.7157
34.496	0	3	4	-0.4633
34.528	0	7	4	1.0087
34.56	0	4	4	0.0115
34.592	0	4	4	0.0121
34.624	0	8	4	1.2747
34.656	0	2	4	-1.1381
34.688	0	8	4	1.2757
34.72	0	3	4	-0.4584
34.752	0	5	4	0.3932
34.784	0	5	4	0.3937
34.816	0	7	4	1.0131
34.848	0	4	4	0.0169
34.88	0	5	4	0.3953
34.912	0	3	4	-0.4545
34.944	0	2	4	-1.1309
34.976	0	6	4	0.7237
35.008	0	3	4	-0.4526
35.04	0	5	4	0.3978
35.072	0	4	4	0.0207
35.104	0	4	3.9	0.0213
35.136	0	9	3.9	1.5232
35.168	0	10	3.9	1.7476
35.2	0	6	3.9	0.7269
35.232	0	5	3.9	0.4007
35.264	0	4	3.9	0.0238
35.296	0	2	3.9	-1.1229
35.328	0	3	3.9	-0.4467
35.36	0	5	3.9	0.4025
35.392	0	8	3.9	1.2847
35.424	0	7	3.9	1.0211
35.456	0	8	3.9	1.2854
35.488	0	4	3.9	0.0272
35.52	0	6	3.9	0.731
35.552	0	3	3.9	-0.4429
35.584	0	2	3.9	-1.1169
35.616	0	6	3.9	0.7322
35.648	0	5	0	0
35.68	0	2	0	0
35.712	0	8	0	0
35.744	0	4	0	0
35.776	0	5	0	0
35.808	0	4	0	0
35.84	0	6	0	0
35.872	0	5	0	0
35.904	0	6	0	0
35.936	0	4	0	0
35.968	0	4	0	0
36	0	2	0	0
36.032	0	4	0	0
36.064	0	6	0	0
36.096	0	5	0	0
36.128	0	3	0	0
36.16	0	7	0	0
36.192	0	2	0	0
36.224	0	3	0	0
36.256	0	5	0	0
36.288	0	3	0	0
36.32	0	5	0	0
36.352	0	5	0	0
36.384	0	2	0	0
36.416	0	6	0	0
36.448	0	4	0	0
36.48	0	8	0	0
36.512	0	2	0	0
36.544	0	8	0	0
36.576	0	3	0	0
36.608	0	1	0	0
36.64	0	3	0	0
36.672	0	7	0	0
36.704	0	4	0	0
36.736	0	2	0	0
36.768	0	6	0	0
36.8	0	3	0	0
36.832	0	3	0	0
36.864	0	2	0	0
36.896	0	5	0	0
36.928	0	4	0	0
36.96	0	5	0	0
36.992	0	2	0	0
37.024	0	5	0	0
37.056	0	3	0	0
37.088	0	5	0	0
37.12	0	4	0	0
37.152	0	5	0	0
37.184	0	4	0	0
37.216	0	5	0	0
37.248	0	2	0	0
37.28	0	3	0	0
37.312	0	8	0	0
37.344	0	5	0	0
37.376	0	2	0	0
37.408	0	8	0	0
37.44	0	5	0	0
37.472	0	3	0	0
37.504	0	9	0	0
37.536	0	5	0	0
37.568	0	4	0	0
37.6	0	5	0	0
37.632	0	6	0	0
37.664	0	4	0	0
37.696	0	3	0	0
37.728	0	5	0	0
37.76	0	6	0	0
37.792	0	6	0	0
37.824	0	4	0	0
37.856	0	3	0	0
37.888	0	5	0	0
37.92	0	6	0	0
37.952	0	3	0	0
37.984	0	7	0	0
38.016	0	2	0	0
38.048	0	9	0	0
38.08	0	3	0	0
38.112	0	7	0	0
38.144	0	6	0	0
38.176	0	6	0	0
38.208	0	4	0	0
38.24	0	4	0	0
38.272	0	2	0	0
38.304	0	6	0	0
38.336	0	10	0	0
38.368	0	6	0	0
38.4	0	3	0	0
38.432	0	2	0	0
38.464	0	3	0	0
38.496	0	2	0	0
38.528	0	1	0	0
38.56	0	2	0	0
38.592	0	9	0	0
38.624	0	2	0	0
38.656	0	2	0	0
38.688	0	4	0	0
38.72	0	1	0	0
38.752	0	2	0	0
38.784	0	2	0	0
38.816	0	4	0	0
38.848	0	3	0	0
38.88	0	7	0	0
38.912	0	1	0	0
38.944	0	7	0	0
38.976	0	8	0	0
39.008	0	3	0	0
39.04	0	6	0	0
39.072	0	4	0	0
39.104	0	4	0	0
39.136	0	3	0	0
39.168	0	8	0	0
39.2	0	2	0	0
39.232	0	9	0	0
39.264	0	4	0	0
39.296	0	7	0	0
39.328	0	5	0	0
39.36	0	2	0	0
39.392	0	5	0	0
39.424	0	6	0	0
39.456	0	7	0	0
39.488	0	5	0	0
39.52	0	4	0	0
39.552	0	4	0	0
39.584	0	6	0	0
39.616	0	7	0	0
39.648	0	6	0	0
39.68	0	3	0	0
39.712	0	1	0	0
39.744	0	7	0	0
39.776	0	4	0	0
39.808	0	7	0	0
39.84	0	6	0	0
39.872	0	4	0	0
39.904	0	7	0	0
39.936	0	9	0	0
39.968	0	1	0	0
40	0	0	0	0
