0	19	6	2.1	1.3948
0.032	42	6	2.1	1.3948
0.064	53	5	2.1	1.1165
0.096	76	7	2.1	1.6477
0.128	102	10	2.1	2.293
0.16	127	5	2.1	1.1165
0.192	193	6	2.1	1.3948
0.224	345	2	2.1	-0.0329
0.256	557	5	2.1	1.1165
0.288	986	3	2.1	0.448
0.32	1651	4	2.1	0.8066
0.352	2981	2	2.1	-0.0329
0.384	5013	6	2.1	1.3948
0.416	8241	4	2.1	0.8066
0.448	12766	2	2.1	-0.0329
0.48	19115	4	2.1	0.8066
0.512	27179	1	2.1	-0.7376
0.544	36474	3	2.1	0.448
0.576	47223	5	2.1	1.1165
0.608	58617	5	2.1	1.1165
0.64	69713	4	2.1	0.8066
0.672	80227	3	2.1	0.448
0.704	89246	2	2.1	-0.0329
0.736	95811	6	2.1	1.3948
0.768	100868	2	2.1	-0.0329
0.8	102626	5	2.1	1.1165
0.832	101788	2	2.2	-0.1396
0.864	98734	2	2.5	-0.3063
0.896	93815	2	2.9	-0.5166
0.928	87752	3	3.4	-0.1817
0.96	80683	5	4	0.3778
0.992	72821	3	4.8	-0.8654
1.024	64302	4	6.1	-0.8874
1.056	56754	5	8.4	-1.2816
1.088	49565	10	12.1	-0.6141
1.12	42457	7	18.6	-3.8662
1.152	36505	8	29.8	-6.8905
1.184	30945	19	49.4	-6.6278
1.216	25902	32	81.9	-8.5656
1.248	21770	79	134.1	-6.119
1.28	18223	136	213.5	-6.5945
1.312	15177	258	329.5	-4.4354
1.344	12682	414	490.2	-3.7339
1.376	10603	635	701.6	-2.6391
1.408	8741	991	969.4	0.6842
1.44	7292	1360	1294.3	1.7806
1.472	6029	1822	1672.8	3.4952
1.504	5099	2330	2098.8	4.7899
1.536	4076	2763	2561.2	3.8395
1.568	3430	3231	3047	3.2366
1.6	2805	3823	3544.3	4.5073
1.632	2452	4294	4035.5	3.9443
1.664	2089	4934	4507	6.0786
1.696	1673	5273	4947.5	4.4825
1.728	1376	5481	5348.5	1.7892
1.76	1182	5909	5705	2.6542
1.792	979	6066	6012.6	0.6851
1.824	844	6396	6268.5	1.5937
1.856	682	6502	6473.1	0.3589
1.888	563	6719	6631.8	1.0633
1.92	507	6746	6747.5	-0.0185
1.952	428	6884	6823.4	0.7299
1.984	340	6841	6865.7	-0.2989
2.016	312	6963	6877.6	1.0238
2.048	248	6731	6863.3	-1.6123
2.08	232	6904	6828	0.9147
2.112	172	6617	6775.4	-1.9467
2.144	169	6678	6708.6	-0.3748
2.176	167	6510	6631	-1.4995
2.208	115	6446	6544.6	-1.2287
2.24	116	6421	6451.4	-0.3788
2.272	108	6330	6353.2	-0.2912
2.304	111	5969	6251.5	-3.656
2.336	89	6015	6147.4	-1.7075
2.368	83	5838	6041.4	-2.6619
2.4	69	5725	5934.8	-2.7734
2.432	62	5697	5828.3	-1.7402
2.464	60	5487	5722.9	-3.1846
2.496	53	5357	5618.3	-3.5702
2.528	0	5404	5514.5	-1.5037
2.56	0	5269	5412.2	-1.9725
2.592	0	5255	5311.5	-0.7801
2.624	0	5179	5212.7	-0.4679
2.656	0	5047	5115.7	-0.967
2.688	0	4967	5020.5	-0.7594
2.72	0	4771	4927.4	-2.2637
2.752	0	4681	4836.3	-2.2706
2.784	0	4695	4747.3	-0.7633
2.816	0	4565	4660.2	-1.4094
2.848	0	4475	4575.2	-1.4983
2.88	0	4392	4492.2	-1.5116
2.912	0	4399	4411.1	-0.1828
2.944	0	4277	4331.9	-0.84
2.976	0	4240	4254.8	-0.2267
3.008	0	4132	4179.5	-0.7384
3.04	0	4053	4105.9	-0.8305
3.072	0	3928	4034.1	-1.6934
3.104	0	4013	3964.2	0.7709
3.136	0	3841	3895.9	-0.886
3.168	0	3799	3829.3	-0.4908
3.2	0	3727	3764.2	-0.6091
3.232	0	3676	3700.6	-0.4064
3.264	0	3598	3638.6	-0.6769
3.296	0	3550	3578	-0.4706
3.328	0	3402	3518.8	-2.0027
3.36	0	3592	3460.8	2.1894
3.392	0	3397	3404.1	-0.1222
3.424	0	3449	3348.8	1.7063
3.456	0	3368	3294.7	1.2622
3.488	0	3255	3242	0.2287
3.52	0	3193	3190.4	0.0465
3.552	0	3192	3140	0.9211
3.584	0	3087	3090.7	-0.0665
3.616	0	3070	3042.5	0.4957
3.648	0	2973	2995.4	-0.4116
3.68	0	3014	2949.4	1.1768
3.712	0	2970	2904.4	1.2044
3.744	0	2855	2860.3	-0.0993
3.776	0	2969	2817.2	2.7858
3.808	0	2833	2775	1.0891
3.84	0	2743	2733.8	0.1765
3.872	0	2740	2693.4	0.8912
3.904	0	2648	2653.8	-0.1126
3.936	0	2726	2615.1	2.1248
3.968	0	2626	2577.1	0.9536
4	0	2593	2540	1.0412
4.032	0	2573	2503.6	1.3685
4.064	0	2533	2467.9	1.293
4.096	0	2486	2433	1.0634
4.128	0	2453	2398.7	1.0958
4.16	0	2495	2365.2	2.5995
4.192	0	2425	2332.2	1.8837
4.224	0	2297	2300	-0.0618
4.256	0	2298	2268.3	0.6194
4.288	0	2339	2237.3	2.1037
4.32	0	2253	2206.8	0.9734
4.352	0	2149	2176.9	-0.6021
4.384	0	2228	2147.6	1.7036
4.416	0	2232	2118.8	2.396
4.448	0	2140	2090.6	1.0689
4.48	0	2120	2062.8	1.2419
4.512	0	2113	2035.6	1.6842
4.544	0	2055	2008.8	1.0182
4.576	0	1997	1982.6	0.3228
4.608	0	2087	1956.8	2.8506
4.64	0	2000	1931.4	1.5333
4.672	0	1973	1906.5	1.4966
4.704	0	1922	1882.1	0.9112
4.736	0	1845	1858	-0.3027
4.768	0	1853	1834.4	0.433
4.8	0	1920	1811.1	2.4848
4.832	0	1842	1788.3	1.2519
4.864	0	1803	1765.8	0.8761
4.896	0	1865	1743.7	2.8087
4.928	0	1761	1722	0.93
4.96	0	1716	1700.6	0.3719
4.992	0	1751	1679.6	1.7072
5.024	0	1694	1658.9	0.8535
5.056	0	1737	1638.5	2.3631
5.088	0	1598	1618.5	-0.5121
5.12	0	1715	1598.8	2.8071
5.152	0	1581	1579.3	0.0418
5.184	0	1564	1560.2	0.0954
5.216	0	1571	1541.4	0.7466
5.248	0	1572	1522.9	1.2388
5.28	0	1604	1504.6	2.481
5.312	0	1543	1486.7	1.4341
5.344	0	1480	1469	0.2867
5.376	0	1504	1451.5	1.3528
5.408	0	1457	1434.4	0.5931
5.44	0	1406	1417.4	-0.305
5.472	0	1456	1400.8	1.4476
5.504	0	1370	1384.3	-0.3873
5.536	0	1397	1368.1	0.7721
5.568	0	1432	1352.2	2.1093
5.6	0	1379	1336.5	1.1458
5.632	0	1295	1320.9	-0.7209
5.664	0	1350	1305.7	1.2069
5.696	0	1253	1290.6	-1.0617
5.728	0	1276	1275.7	0.0078
5.76	0	1252	1261.1	-0.2562
5.792	0	1258	1246.6	0.3211
5.824	0	1223	1232.4	-0.2676
5.856	0	1225	1218.3	0.1915
5.888	0	1151	1204.4	-1.5749
5.92	0	1201	1190.8	0.2958
5.952	0	1164	1177.3	-0.3885
5.984	0	1185	1163.9	0.6118
6.016	0	1168	1150.8	0.5032
6.048	0	1108	1137.8	-0.8964
6.08	0	1166	1125	1.1994
6.112	0	1117	1112.4	0.137
6.144	0	1046	1100	-1.6685
6.176	0	1081	1087.7	-0.2027
6.208	0	1118	1075.5	1.2703
6.24	0	1072	1063.5	0.2583
6.272	0	1064	1051.7	0.3766
6.304	0	1055	1040	0.4606
6.336	0	1066	1028.5	1.1482
6.368	0	1006	1017.1	-0.3509
6.4	0	1045	1005.9	1.2098
6.432	0	959	994.8	-1.1547
6.464	0	961	983.8	-0.7359
6.496	0	1008	973	1.1019
6.528	0	906	962.3	-1.8693
6.56	0	900	951.8	-1.7239
6.592	0	932	941.3	-0.3059
6.624	0	918	931.1	-0.4303
6.656	0	891	920.9	-1
6.688	0	876	910.8	-1.1757
6.72	0	910	900.9	0.3009
6.752	0	875	891.1	-0.5439
6.784	0	869	881.4	-0.4209
6.816	0	863	871.9	-0.301
6.848	0	846	862.4	-0.5631
6.88	0	819	853.1	-1.1886
6.912	0	851	843.8	0.2456
6.944	0	796	834.7	-1.3702
6.976	0	857	825.7	1.0681
7.008	0	842	816.8	0.8678
7.04	0	770	808	-1.3672
7.072	0	760	799.3	-1.4234
7.104	0	734	790.7	-2.0898
7.136	0	762	782.2	-0.7308
7.168	0	731	773.8	-1.581
7.2	0	722	765.5	-1.6169
7.232	0	726	757.3	-1.1602
7.264	0	759	749.2	0.3554
7.296	0	730	741.2	-0.4133
7.328	0	769	733.3	1.2871
7.36	0	721	725.4	-0.1648
7.392	0	689	717.7	-1.0914
7.424	0	697	710	-0.4931
7.456	0	691	702.5	-0.4358
7.488	0	669	695	-1.0035
7.52	0	594	687.6	-3.8341
7.552	0	645	680.3	-1.3875
7.584	0	667	673.1	-0.2345
7.616	0	655	665.9	-0.426
7.648	0	638	658.9	-0.8243
7.68	0	652	651.9	0.0051
7.712	0	633	645	-0.4747
7.744	0	608	638.1	-1.22
7.776	0	610	631.4	-0.8642
7.808	0	622	624.7	-0.1082
7.84	0	614	618.1	-0.1652
7.872	0	607	611.6	-0.1852
7.904	0	569	605.1	-1.5112
7.936	0	550	598.7	-2.0739
7.968	0	579	592.4	-0.5565
8	0	556	586.2	-1.2771
8.032	0	592	580	0.4926
8.064	0	585	573.9	0.4587
8.096	0	555	567.8	-0.5443
8.128	0	561	561.9	-0.0368
8.16	0	539	556	-0.7294
8.192	0	562	550.1	0.5001
8.224	0	532	544.3	-0.5342
8.256	0	526	538.6	-0.5496
8.288	0	527	533	-0.2598
8.32	0	537	527.4	0.4142
8.352	0	523	521.9	0.05
8.384	0	503	516.4	-0.5956
8.416	0	509	511	-0.0873
8.448	0	549	505.6	1.848
8.48	0	492	500.3	-0.3748
8.512	0	546	495.1	2.1746
8.544	0	485	489.9	-0.2227
8.576	0	455	484.8	-1.3936
8.608	0	464	479.7	-0.7285
8.64	0	441	474.7	-1.6017
8.672	0	428	469.8	-2.0136
8.704	0	470	464.8	0.2371
8.736	0	434	460	-1.2451
8.768	0	456	455.2	0.0375
8.8	0	426	450.5	-1.1819
8.832	0	417	445.8	-1.4048
8.864	0	398	441.1	-2.1554
8.896	0	418	436.5	-0.9033
8.928	0	425	432	-0.337
8.96	0	407	427.5	-1.012
8.992	0	436	423	0.6204
9.024	0	422	418.6	0.1644
9.056	0	383	414.3	-1.5932
9.088	0	391	410	-0.956
9.12	0	395	405.7	-0.5364
9.152	0	368	401.5	-1.7401
9.184	0	372	397.3	-1.3082
9.216	0	390	393.2	-0.1602
9.248	0	387	389.1	-0.1059
9.28	0	386	385	0.0482
9.312	0	349	381.1	-1.7109
9.344	0	381	377.1	0.1993
9.376	0	344	373.2	-1.5691
9.408	0	397	369.3	1.3859
9.44	0	320	365.5	-2.535
9.472	0	362	361.7	0.0158
9.504	0	352	358	-0.3163
9.536	0	339	354.2	-0.8254
9.568	0	315	350.6	-1.9981
9.6	0	351	346.9	0.2159
9.632	0	341	343.4	-0.127
9.664	0	314	339.8	-1.4513
9.696	0	335	336.3	-0.0699
9.728	0	317	332.8	-0.8848
9.76	0	311	329.4	-1.0379
9.792	0	311	326	-0.8454
9.824	0	277	322.6	-2.7293
9.856	0	279	319.3	-2.4014
9.888	0	295	316	-1.216
9.92	0	291	312.7	-1.2673
9.952	0	296	309.5	-0.7799
9.984	0	304	306.3	-0.1297
10.016	0	291	303.1	-0.7073
10.048	0	291	300	-0.5246
10.08	0	282	296.9	-0.8833
10.112	0	280	293.8	-0.8231
10.144	0	293	290.8	0.1285
10.176	0	279	287.8	-0.5247
10.208	0	269	284.8	-0.9615
10.24	0	287	281.9	0.3004
10.272	0	302	279	1.3197
10.304	0	255	276.1	-1.3172
10.336	0	280	273.3	0.4006
10.368	0	244	270.5	-1.687
10.4	0	270	267.7	0.1409
10.432	0	248	264.9	-1.0702
10.464	0	255	262.2	-0.4489
10.496	0	265	259.5	0.3366
10.528	0	278	256.8	1.2651
10.56	0	247	254.2	-0.4557
10.592	0	262	251.6	0.6414
10.624	0	248	249	-0.0628
10.656	0	237	246.4	-0.6103
10.688	0	255	243.9	0.6922
10.72	0	215	241.4	-1.7921
10.752	0	238	238.9	-0.0595
10.784	0	213	236.5	-1.6006
10.816	0	214	234	-1.3637
10.848	0	225	231.6	-0.4408
10.88	0	224	229.3	-0.3503
10.912	0	207	226.9	-1.3776
10.944	0	199	224.6	-1.805
10.976	0	183	222.3	-2.8886
11.008	0	206	220	-0.9714
11.04	0	232	217.8	0.9311
11.072	0	215	215.5	-0.0357
11.104	0	204	213.3	-0.6493
11.136	0	215	211.1	0.2623
11.168	0	220	209	0.7399
11.2	0	183	206.8	-1.7526
11.232	0	202	204.7	-0.1906
11.264	0	189	202.6	-0.9862
11.296	0	206	200.6	0.3774
11.328	0	198	198.5	-0.0359
11.36	0	186	196.5	-0.7643
11.392	0	214	194.5	1.3287
11.424	0	181	192.5	-0.8491
11.456	0	168	190.5	-1.7274
11.488	0	180	188.6	-0.6357
11.52	0	189	186.7	0.1699
11.552	0	189	184.7	0.3077
11.584	0	171	182.9	-0.902
11.616	0	194	181	0.9286
11.648	0	150	179.2	-2.3647
11.68	0	169	177.3	-0.6369
11.712	0	187	175.5	0.8348
11.744	0	165	173.7	-0.6759
11.776	0	173	172	0.0781
11.808	0	178	170.2	0.5802
11.84	0	172	168.5	0.2666
11.872	0	156	166.8	-0.8568
11.904	0	177	165.1	0.8914
11.936	0	154	163.4	-0.7522
11.968	0	148	161.7	-1.1215
12	0	148	160.1	-0.9873
12.032	0	169	158.5	0.8056
12.064	0	165	156.9	0.6302
12.096	0	152	155.3	-0.263
12.128	0	144	153.7	-0.8018
12.16	0	152	152.1	-0.0104
12.192	0	142	150.6	-0.7155
12.224	0	173	149.1	1.8097
12.256	0	135	147.5	-1.0721
12.288	0	137	146.1	-0.7679
12.32	0	164	144.6	1.5078
12.352	0	128	143.1	-1.3252
12.384	0	154	141.7	0.9879
12.416	0	130	140.2	-0.8902
12.448	0	141	138.8	0.1832
12.48	0	138	137.4	0.0502
12.512	0	139	136	0.2512
12.544	0	145	134.6	0.8543
12.576	0	112	133.3	-1.9933
12.608	0	121	131.9	-0.9861
12.64	0	135	130.6	0.3755
12.672	0	134	129.3	0.4042
12.704	0	112	128	-1.4969
12.736	0	142	126.7	1.2757
12.768	0	152	125.4	2.1422
12.8	0	107	124.2	-1.6428
12.832	0	140	122.9	1.435
12.864	0	103	121.7	-1.8213
12.896	0	113	120.4	-0.6936
12.928	0	132	119.2	1.1034
12.96	0	110	118	-0.7586
12.992	0	108	116.8	-0.843
13.024	0	113	115.7	-0.2487
13.056	0	98	114.5	-1.6505
13.088	0	102	113.4	-1.1135
13.12	0	133	112.2	1.7886
13.152	0	120	111.1	0.8065
13.184	0	111	110	0.0962
13.216	0	110	108.9	0.1063
13.248	0	120	107.8	1.106
13.28	0	105	106.7	-0.1648
13.312	0	119	105.6	1.2149
13.344	0	94	104.6	-1.0798
13.376	0	117	103.5	1.2344
13.408	0	97	102.5	-0.5526
13.44	0	111	101.5	0.8962
13.472	0	122	100.5	1.9342
13.504	0	97	99.5	-0.2469
13.536	0	99	98.5	0.0533
13.568	0	104	97.5	0.633
13.6	0	98	96.5	0.149
13.632	0	92	95.5	-0.366
13.664	0	94	94.6	-0.0609
13.696	0	102	93.7	0.8183
13.728	0	111	92.7	1.7194
13.76	0	93	91.8	0.1231
13.792	0	101	90.9	0.9964
13.824	0	90	90	0.0016
13.856	0	84	89.1	-0.549
13.888	0	88	88.2	-0.0218
13.92	0	99	87.3	1.161
13.952	0	86	86.5	-0.0496
13.984	0	91	85.6	0.5591
14.016	0	102	84.8	1.6905
14.048	0	102	83.9	1.7728
14.08	0	84	83.1	0.098
14.112	0	82	82.3	-0.0294
14.144	0	82	81.5	0.0594
14.176	0	107	80.7	2.5238
14.208	0	81	79.9	0.1257
14.24	0	93	79.1	1.4295
14.272	0	84	78.3	0.616
14.304	0	83	77.5	0.5948
14.336	0	79	76.8	0.2498
14.368	0	88	76	1.2653
14.4	0	66	75.2	-1.1216
14.432	0	82	74.5	0.8174
14.464	0	71	73.8	-0.325
14.496	0	68	73.1	-0.6038
14.528	0	73	72.3	0.0768
14.56	0	96	71.6	2.4623
14.592	0	64	70.9	-0.8523
14.624	0	76	70.2	0.6534
14.656	0	71	69.5	0.1707
14.688	0	69	68.9	0.0165
14.72	0	59	68.2	-1.1764
14.752	0	81	67.5	1.4795
14.784	0	76	66.9	1.0346
14.816	0	73	66.2	0.784
14.848	0	67	65.6	0.1728
14.88	0	64	64.9	-0.114
14.912	0	71	64.3	0.7849
14.944	0	65	63.7	0.1627
14.976	0	61	63	-0.2582
15.008	0	59	62.4	-0.44
15.04	0	71	61.8	1.0732
15.072	0	57	61.2	-0.5508
15.104	0	69	60.6	0.9925
15.136	0	68	60	0.9502
15.168	0	63	59.5	0.4381
15.2	0	72	58.9	1.5237
15.232	0	56	58.3	-0.3051
15.264	0	72	57.8	1.6554
15.296	0	55	57.2	-0.2918
15.328	0	69	56.7	1.4655
15.36	0	48	56.1	-1.1464
15.392	0	71	55.6	1.8064
15.424	0	62	55	0.8711
15.456	0	61	54.5	0.8186
15.488	0	62	54	1.0026
15.52	0	61	53.5	0.9498
15.552	0	51	52.9	-0.2677
15.584	0	51	52.4	-0.198
15.616	0	60	51.9	1.0237
15.648	0	42	51.4	-1.4236
15.68	0	49	51	-0.2733
15.712	0	61	50.5	1.3273
15.744	0	51	50	0.1396
15.776	0	58	49.5	1.0963
15.808	0	55	49	0.7899
15.84	0	56	48.6	0.9756
15.872	0	51	48.1	0.3972
15.904	0	63	47.7	1.9037
15.936	0	55	47.2	1.0331
15.968	0	54	46.8	0.9685
16	0	53	46.3	0.902
16.032	0	48	45.9	0.3009
16.064	0	50	45.4	0.6325
16.096	0	46	45	0.1428
16.128	0	51	44.6	0.881
16.16	0	41	44.2	-0.4829
16.192	0	54	43.8	1.3697
16.224	0	61	43.3	2.2251
16.256	0	47	42.9	0.5811
16.288	0	54	42.5	1.5328
16.32	0	58	42.1	2.0486
16.352	0	43	41.7	0.1882
16.384	0	51	41.3	1.326
16.416	0	46	41	0.7273
16.448	0	46	40.6	0.7825
16.48	0	32	40.2	-1.4064
16.512	0	40	39.8	0.0267
16.544	0	45	39.5	0.8086
16.576	0	45	39.1	0.862
16.608	0	34	38.7	-0.7879
16.64	0	49	38.4	1.4888
16.672	0	35	38	-0.4954
16.704	0	38	37.7	0.0534
16.736	0	39	37.3	0.2632
16.768	0	43	37	0.8988
16.8	0	44	36.6	1.0867
16.832	0	39	36.3	0.4227
16.864	0	37	36	0.1665
16.896	0	38	35.6	0.3747
16.928	0	35	35.3	-0.0499
16.96	0	32	35	-0.5112
16.992	0	38	34.7	0.5279
17.024	0	40	34.3	0.8726
17.056	0	37	34	0.4753
17.088	0	39	33.7	0.8243
17.12	0	35	33.4	0.2605
17.152	0	49	33.1	2.2249
17.184	0	28	32.8	-0.8785
17.216	0	36	32.5	0.5654
17.248	0	29	32.2	-0.5785
17.28	0	29	31.9	-0.5262
17.312	0	34	31.6	0.393
17.344	0	39	31.4	1.1936
17.376	0	45	31.1	2.031
17.408	0	29	30.8	-0.3226
17.44	0	43	30.5	1.8604
17.472	0	28	30.2	-0.4103
17.504	0	35	30	0.8257
17.536	0	35	29.7	0.8697
17.568	0	33	29.4	0.6009
17.6	0	38	29.2	1.394
17.632	0	38	28.9	1.435
17.664	0	35	28.7	1.041
17.696	0	33	28.4	0.7753
17.728	0	29	28.2	0.1504
17.76	0	40	27.9	1.8648
17.792	0	31	27.7	0.58
17.824	0	21	27.4	-1.3396
17.856	0	28	27.2	0.149
17.888	0	31	26.9	0.7058
17.92	0	22	26.7	-0.9613
17.952	0	40	26.5	2.0867
17.984	0	27	26.2	0.1401
18.016	0	35	26	1.4768
18.048	0	37	25.8	1.7949
18.08	0	25	25.6	-0.1091
18.112	0	27	25.3	0.3073
18.144	0	31	25.1	1.0224
18.176	0	33	24.9	1.3676
18.208	0	25	24.7	0.0587
18.24	0	20	24.5	-0.9558
18.272	0	25	24.3	0.14
18.304	0	20	24.1	-0.8666
18.336	0	23	23.9	-0.1717
18.368	0	29	23.7	0.9599
18.4	0	31	23.5	1.3136
18.432	0	35	23.3	1.9309
18.464	0	24	23.1	0.185
18.496	0	32	22.9	1.5672
18.528	0	28	22.7	0.9735
18.56	0	28	22.5	1.0084
18.592	0	25	22.3	0.5219
18.624	0	29	22.1	1.2391
18.656	0	14	21.9	-1.9789
18.688	0	30	21.7	1.4615
18.72	0	31	21.6	1.6448
18.752	0	23	21.4	0.3258
18.784	0	28	21.2	1.2427
18.816	0	27	21	1.1109
18.848	0	21	20.8	0.0326
18.88	0	24	20.7	0.6528
18.912	0	31	20.5	1.8275
18.944	0	17	20.3	-0.7645
18.976	0	32	20.2	2.0295
19.008	0	25	20	0.9622
19.04	0	23	19.8	0.6325
19.072	0	20	19.7	0.0692
19.104	0	25	19.5	1.0555
19.136	0	28	19.4	1.578
19.168	0	23	19.2	0.7599
19.2	0	19	19	-0.01
19.232	0	31	18.9	2.1075
19.264	0	20	18.7	0.2686
19.296	0	31	18.6	2.1601
19.328	0	27	18.4	1.5893
19.36	0	23	18.3	0.9411
19.392	0	26	18.1	1.4836
19.424	0	14	18	-1.0012
19.456	0	28	17.9	1.851
19.488	0	22	17.7	0.8734
19.52	0	18	17.6	0.0935
19.552	0	27	17.4	1.7746
19.584	0	12	17.3	-1.4182
19.616	0	24	17.2	1.3392
19.648	0	12	17	-1.3463
19.68	0	11	16.9	-1.6376
19.712	0	20	16.8	0.6878
19.744	0	23	16.6	1.2711
19.776	0	27	16.5	1.9469
19.808	0	20	16.4	0.7699
19.84	0	13	16.3	-0.8426
19.872	0	21	16.1	1.0135
19.904	0	18	16	0.4436
19.936	0	15	15.9	-0.2169
19.968	0	15	15.8	-0.1877
20	0	25	15.7	1.7986
20.032	0	17	15.5	0.3358
20.064	0	17	15.4	0.3625
20.096	0	22	15.3	1.3668
20.128	0	18	15.2	0.6284
20.16	0	23	15.1	1.5847
20.192	0	17	15	0.4669
20.224	0	12	14.9	-0.7626
20.256	0	14	14.7	-0.186
20.288	0	13	14.6	-0.4223
20.32	0	16	14.5	0.3469
20.352	0	17	14.4	0.5914
20.384	0	19	14.3	1.0219
20.416	0	14	14.2	-0.0532
20.448	0	17	14.1	0.6631
20.48	0	23	14	1.7984
20.512	0	20	13.9	1.2992
20.544	0	12	13.8	-0.4829
20.576	0	10	13.7	-1.0706
20.608	0	13	13.6	-0.1577
20.64	0	16	13.5	0.5859
20.672	0	20	13.4	1.4033
20.704	0	18	13.3	1.0457
20.736	0	10	13.2	-0.9324
20.768	0	22	13.1	1.8091
20.8	0	14	13	0.2386
20.832	0	16	13	0.7177
20.864	0	11	12.9	-0.5171
20.896	0	13	12.8	0.0579
20.928	0	8	12.7	-1.4826
20.96	0	15	12.6	0.5819
20.992	0	14	12.5	0.3713
21.024	0	13	12.4	0.1473
21.056	0	11	12.3	-0.373
21.088	0	23	12.3	2.1477
21.12	0	22	12.2	2.0047
21.152	0	8	12.1	-1.2958
21.184	0	14	12	0.4959
21.216	0	10	11.9	-0.559
21.248	0	11	11.9	-0.2377
21.28	0	19	11.8	1.5757
21.312	0	13	11.7	0.3354
21.344	0	11	11.6	-0.1731
21.376	0	14	11.5	0.6129
21.408	0	10	11.5	-0.4253
21.44	0	10	11.4	-0.4038
21.472	0	19	11.3	1.6746
21.504	0	20	11.3	1.8652
21.536	0	12	11.2	0.2191
21.568	0	16	11.1	1.1528
21.6	0	14	11	0.7404
21.632	0	11	11	0.0088
21.664	0	13	10.9	0.5424
21.696	0	9	10.8	-0.552
21.728	0	13	10.8	0.5775
21.76	0	7	10.7	-1.2321
21.792	0	13	10.6	0.6119
21.824	0	12	10.6	0.3837
21.856	0	12	10.5	0.401
21.888	0	15	10.4	1.1072
21.92	0	10	10.4	-0.1073
21.952	0	17	10.3	1.535
21.984	0	10	10.2	-0.0712
22.016	0	19	10.2	1.9234
22.048	0	13	10.1	0.7426
22.08	0	12	10.1	0.5175
22.112	0	18	10	1.788
22.144	0	8	9.9	-0.6151
22.176	0	7	9.9	-0.9621
22.208	0	10	9.8	0.0495
22.24	0	6	9.8	-1.334
22.272	0	6	9.7	-1.314
22.304	0	8	9.7	-0.5246
22.336	0	8	9.6	-0.507
22.368	0	7	9.5	-0.8494
22.4	0	11	9.5	0.4176
22.432	0	12	9.4	0.684
22.464	0	14	9.4	1.1532
22.496	0	10	9.3	0.1921
22.528	0	12	9.3	0.7262
22.56	0	6	9.2	-1.1429
22.592	0	11	9.2	0.5048
22.624	0	15	9.1	1.4239
22.656	0	13	9.1	1.0123
22.688	0	11	9	0.5463
22.72	0	4	9	-2.0677
22.752	0	12	8.9	0.8197
22.784	0	7	8.9	-0.6283
22.816	0	13	8.8	1.0748
22.848	0	9	8.8	0.0631
22.88	0	8	8.7	-0.2354
22.912	0	9	8.7	0.091
22.944	0	11	8.7	0.6509
22.976	0	6	8.6	-0.9225
23.008	0	10	8.6	0.4147
23.04	0	15	8.5	1.5718
23.072	0	12	8.5	0.9418
23.104	0	5	8.4	-1.3022
23.136	0	5	8.4	-1.286
23.168	0	8	8.3	-0.11
23.2	0	10	8.3	0.489
23.232	0	15	8.3	1.6336
23.264	0	16	8.2	1.8327
23.296	0	7	8.2	-0.3944
23.328	0	6	8.1	-0.7581
23.36	0	9	8.1	0.2703
23.392	0	7	8.1	-0.3548
23.424	0	10	8	0.57
23.456	0	5	8	-1.1332
23.488	0	11	7.9	0.8461
23.52	0	15	7.9	1.7193
23.552	0	12	7.9	1.1026
23.584	0	15	7.8	1.7372
23.616	0	13	7.8	1.3424
23.648	0	12	7.8	1.1318
23.68	0	7	7.7	-0.243
23.712	0	6	7.7	-0.5991
23.744	0	14	7.7	1.5853
23.776	0	12	7.6	1.1694
23.808	0	4	7.6	-1.4902
23.84	0	9	7.6	0.4353
23.872	0	9	7.5	0.4454
23.904	0	11	7.5	0.9735
23.936	0	14	7.5	1.6359
23.968	0	7	7.4	-0.1414
24	0	10	7.4	0.7529
24.032	0	9	7.4	0.4944
24.064	0	15	7.3	1.8606
24.096	0	13	7.3	1.4724
24.128	0	6	7.3	-0.4481
24.16	0	12	7.2	1.2731
24.192	0	11	7.2	1.0521
24.224	0	12	7.2	1.2891
24.256	0	9	7.1	0.5588
24.288	0	11	7.1	1.0767
24.32	0	8	7.1	0.2883
24.352	0	7	7.1	-0.0199
24.384	0	7	7	-0.0105
24.416	0	14	7	1.7492
24.448	0	8	7	0.324
24.48	0	4	6.9	-1.2238
24.512	0	6	6.9	-0.3258
24.544	0	14	6.9	1.7765
24.576	0	11	6.9	1.146
24.608	0	8	6.8	0.3665
24.64	0	8	6.8	0.3747
24.672	0	10	6.8	0.9269
24.704	0	8	6.8	0.391
24.736	0	6	6.7	-0.2612
24.768	0	3	6.7	-1.7641
24.8	0	6	6.7	-0.2436
24.832	0	6	6.7	-0.235
24.864	0	10	6.6	0.97
24.896	0	13	6.6	1.6483
24.928	0	4	6.6	-1.0761
24.96	0	12	6.6	1.4514
24.992	0	10	6.5	0.9972
25.024	0	3	6.5	-1.6735
25.056	0	7	6.5	0.1667
25.088	0	8	6.5	0.4815
25.12	0	10	6.5	1.0233
25.152	0	9	6.4	0.7738
25.184	0	11	6.4	1.2725
25.216	0	9	6.4	0.7869
25.248	0	8	6.4	0.516
25.28	0	11	6.3	1.2903
25.312	0	7	6.3	0.2245
25.344	0	8	6.3	0.5358
25.376	0	9	6.3	0.8184
25.408	0	5	6.3	-0.4799
25.44	0	10	6.2	1.084
25.472	0	5	6.2	-0.4647
25.504	0	11	6.2	1.3296
25.536	0	9	6.2	0.8484
25.568	0	9	6.2	0.8541
25.6	0	11	6.1	1.3456
25.632	0	3	6.1	-1.4864
25.664	0	9	6.1	0.8712
25.696	0	6	6.1	-0.0325
25.728	0	7	6.1	0.3088
25.76	0	6	6.1	-0.0197
25.792	0	6	6	-0.0133
25.824	0	8	6	0.6262
25.856	0	5	6	-0.3803
25.888	0	7	6	0.3383
25.92	0	6	6	0.0113
25.952	0	5	6	-0.3608
25.984	0	10	5.9	1.1737
26.016	0	7	5.9	0.3608
26.048	0	9	5.9	0.9342
26.08	0	6	5.9	0.0407
26.112	0	13	5.9	1.8412
26.144	0	8	5.9	0.679
26.176	0	5	5.8	-0.3176
26.208	0	11	5.8	1.436
26.24	0	10	5.8	1.2107
26.272	0	6	5.8	0.0739
26.304	0	6	5.8	0.0793
26.336	0	7	5.8	0.413
26.368	0	9	5.7	0.981
26.4	0	8	5.7	0.7174
26.432	0	7	5.7	0.4276
26.464	0	8	5.7	0.7265
26.496	0	7	5.7	0.4372
26.528	0	8	5.7	0.7355
26.56	0	14	5.7	2.0848
26.592	0	5	5.6	-0.2454
26.624	0	8	5.6	0.7485
26.656	0	5	5.6	-0.2351
26.688	0	5	5.6	-0.2301
26.72	0	10	5.6	1.2721
26.752	0	7	5.6	0.4732
26.784	0	6	5.6	0.153
26.816	0	7	5.6	0.4818
26.848	0	5	5.5	-0.2056
26.88	0	4	5.5	-0.6349
26.912	0	8	5.5	0.7852
26.944	0	2	5.5	-2.0271
26.976	0	6	5.5	0.1795
27.008	0	8	5.5	0.7967
27.04	0	4	5.5	-0.6097
27.072	0	12	5.5	1.7485
27.104	0	4	5.4	-0.6
27.136	0	5	5.4	-0.1646
27.168	0	6	5.4	0.2042
27.2	0	7	5.4	0.5296
27.232	0	7	5.4	0.5333
27.264	0	7	5.4	0.5369
27.296	0	5	5.4	-0.1435
27.328	0	8	5.4	0.8326
27.36	0	4	5.4	-0.5632
27.392	0	7	5.3	0.5513
27.424	0	7	5.3	0.5548
27.456	0	8	5.3	0.8459
27.488	0	3	5.3	-1.0998
27.52	0	4	5.3	-0.5417
27.552	0	6	5.3	0.2494
27.584	0	5	5.3	-0.1081
27.616	0	6	5.3	0.2564
27.648	0	4	5.3	-0.5253
27.68	0	7	5.3	0.5814
27.712	0	6	5.2	0.2666
27.744	0	2	5.2	-1.8721
27.776	0	7	5.2	0.5908
27.808	0	9	5.2	1.1401
27.84	0	5	5.2	-0.0794
27.872	0	5	5.2	-0.0759
27.904	0	5	5.2	-0.0725
27.936	0	5	5.2	-0.0692
27.968	0	6	5.2	0.2923
28	0	4	5.2	-0.4836
28.032	0	2	5.2	-1.8256
28.064	0	3	5.1	-1.0204
28.096	0	9	5.1	1.1638
28.128	0	6	5.1	0.3073
28.16	0	5	5.1	-0.0467
28.192	0	7	5.1	0.6284
28.224	0	8	5.1	0.915
28.256	0	13	5.1	2.0401
28.288	0	5	5.1	-0.0345
28.32	0	6	5.1	0.3243
28.352	0	6	5.1	0.3271
28.384	0	4	5.1	-0.4432
28.416	0	8	5.1	0.9297
28.448	0	8	5.1	0.9321
28.48	0	4	5	-0.4339
28.512	0	6	5	0.3403
28.544	0	10	5	1.4345
28.576	0	10	5	1.4366
28.608	0	7	5	0.6612
28.64	0	8	5	0.9458
28.672	0	4	5	-0.4162
28.704	0	4	5	-0.4133
28.736	0	7	5	0.6704
28.768	0	6	5	0.3601
28.8	0	7	5	0.6749
28.832	0	3	5	-0.9353
28.864	0	1	5	-2.765
28.896	0	6	5	0.3693
28.928	0	9	4.9	1.2211
28.96	0	6	4.9	0.3738
28.992	0	10	4.9	1.4616
29.024	0	4	4.9	-0.3863
29.056	0	6	4.9	0.3804
29.088	0	9	4.9	1.2305
29.12	0	4	4.9	-0.3788
29.152	0	5	4.9	0.0355
29.184	0	8	4.9	0.9802
29.216	0	9	4.9	1.2376
29.248	0	6	4.9	0.393
29.28	0	5	4.9	0.0442
29.312	0	6	4.9	0.397
29.344	0	8	4.9	0.9892
29.376	0	8	4.9	0.9909
29.408	0	9	4.9	1.2478
29.44	0	7	4.9	0.7147
29.472	0	7	4.9	0.7165
29.504	0	11	4.8	1.7068
29.536	0	4	4.8	-0.3487
29.568	0	7	4.8	0.7218
29.6	0	5	4.8	0.0646
29.632	0	4	4.8	-0.3423
29.664	0	1	4.8	-2.6654
29.696	0	5	4.8	0.0704
29.728	0	3	4.8	-0.8597
29.76	0	6	4.8	0.4228
29.792	0	4	4.8	-0.3321
29.824	0	4	4.8	-0.3301
29.856	0	4	4.8	-0.3281
29.888	0	2	4.8	-1.6112
29.92	0	6	4.8	0.4311
29.952	0	2	4.8	-1.6059
29.984	0	2	4.8	-1.6033
30.016	0	4	4.8	-0.3186
30.048	0	5	4.8	0.0898
30.08	0	4	4.8	-0.315
30.112	0	6	4.8	0.4406
30.144	0	10	4.8	1.5155
30.176	0	3	4.7	-0.8294
30.208	0	7	4.7	0.7528
30.24	0	4	4.7	-0.3062
30.272	0	2	4.7	-1.581
30.304	0	6	4.7	0.4495
30.336	0	3	4.7	-0.8197
30.368	0	0	4.7	-3.4337
30.4	0	7	4.7	0.7609
30.432	0	7	4.7	0.7622
30.464	0	5	4.7	0.1101
30.496	0	6	4.7	0.4578
30.528	0	6	4.7	0.4591
30.56	0	2	4.7	-1.5606
30.592	0	5	4.7	0.1159
30.624	0	7	4.7	0.7697
30.656	0	5	4.7	0.1186
30.688	0	6	4.7	0.4656
30.72	0	7	4.7	0.7733
30.752	0	5	4.7	0.1227
30.784	0	2	4.7	-1.5461
30.816	0	3	4.7	-0.7932
30.848	0	8	4.7	1.0543
30.88	0	6	4.7	0.473
30.912	0	8	4.7	1.0564
30.944	0	6	4.7	0.4753
30.976	0	2	4.7	-1.5344
31.008	0	6	4.6	0.4776
31.04	0	8	4.6	1.0605
31.072	0	10	4.6	1.5463
31.104	0	0	4.6	-3.3748
31.136	0	5	4.6	0.1376
31.168	0	5	4.6	0.1388
31.2	0	8	4.6	1.0654
31.232	0	2	4.6	-1.52
31.264	0	4	4.6	-0.2595
31.296	0	5	4.6	0.1433
31.328	0	12	4.6	1.9724
31.36	0	6	4.6	0.4894
31.392	0	4	4.6	-0.2547
31.424	0	4	4.6	-0.2535
31.456	0	3	4.6	-0.7639
31.488	0	7	4.6	0.7983
31.52	0	4	4.6	-0.2501
31.552	0	5	4.6	0.1518
31.584	0	1	4.6	-2.5102
31.616	0	3	4.6	-0.7575
31.648	0	4	4.6	-0.2457
31.68	0	5	4.6	0.1558
31.712	0	2	4.6	-1.496
31.744	0	7	4.6	0.8053
31.776	0	7	4.6	0.8061
31.808	0	10	4.6	1.5649
31.84	0	7	4.6	0.8078
31.872	0	2	4.6	-1.4888
31.904	0	5	4.6	0.1624
31.936	0	7	4.6	0.8102
31.968	0	5	4.6	0.1642
32	0	8	4.6	1.0864
32.032	0	4	4.6	-0.2335
32.064	0	3	4.6	-0.7412
32.096	0	4	4.6	-0.2316
32.128	0	6	4.6	0.5109
32.16	0	1	4.6	-2.4797
32.192	0	1	4.6	-2.4782
32.224	0	5	4.5	0.1711
32.256	0	5	4.5	0.1719
32.288	0	7	4.5	0.8184
32.32	0	9	4.5	1.3438
32.352	0	6	4.5	0.5162
32.384	0	2	4.5	-1.4682
32.416	0	4	4.5	-0.2227
32.448	0	4	4.5	-0.2219
32.48	0	3	4.5	-0.728
32.512	0	0	4.5	-3.2949
32.544	0	4	4.5	-0.2194
32.576	0	7	4.5	0.8245
32.608	0	9	4.5	1.3492
32.64	0	5	4.5	0.181
32.672	0	6	4.5	0.5232
32.704	0	6	4.5	0.5238
32.736	0	8	4.5	1.1014
32.768	0	6	4.5	0.5251
32.8	0	2	4.5	-1.4538
32.832	0	7	4.5	0.8294
32.864	0	6	4.5	0.527
32.896	0	7	4.5	0.8305
32.928	0	2	4.5	-1.4498
32.96	0	4	4.5	-0.2096
32.992	0	2	4.5	-1.4478
33.024	0	4	4.5	-0.2082
33.056	0	2	4.5	-1.4459
33.088	0	2	4.5	-1.4449
33.12	0	6	4.5	0.5318
33.152	0	6	4.5	0.5323
33.184	0	3	4.5	-0.7095
33.216	0	4	4.5	-0.2042
33.248	0	5	4.5	0.1933
33.28	0	5	4.5	0.1939
33.312	0	5	4.5	0.1945
33.344	0	5	4.5	0.1951
33.376	0	3	4.5	-0.7051
33.408	0	3	4.5	-0.7044
33.44	0	3	4.5	-0.7038
33.472	0	5	4.5	0.1973
33.504	0	1	4.5	-2.4274
33.536	0	4	4.5	-0.1981
33.568	0	4	4.5	-0.1975
33.6	0	4	4.5	-0.1969
33.632	0	7	4.5	0.8423
33.664	0	4	4.5	-0.1958
33.696	0	3	4.5	-0.6985
33.728	0	3	4.5	-0.6978
33.76	0	5	4.5	0.202
33.792	0	7	4.5	0.8446
33.824	0	4	4.5	-0.1931
33.856	0	5	4.5	0.2034
33.888	0	1	4.5	-2.4163
33.92	0	7	4.5	0.8462
33.952	0	6	4.5	0.5447
33.984	0	6	4.5	0.5452
34.016	0	3	4.5	-0.6925
34.048	0	5	4.5	0.2062
34.08	0	7	4.5	0.8482
34.112	0	5	4.5	0.2071
34.144	0	4	4.5	-0.188
34.176	0	2	4.5	-1.418
34.208	0	2	4.5	-1.4174
34.24	0	3	4.4	-0.6886
34.272	0	0	4.4	-3.2352
34.304	0	6	4.4	0.5492
34.336	0	3	4.4	-0.6871
34.368	0	3	4.4	-0.6865
34.4	0	4	4.4	-0.1844
34.432	0	9	4.4	1.3738
34.464	0	6	4.4	0.5511
34.496	0	3	4.4	-0.6846
34.528	0	7	4.4	0.8533
34.56	0	4	4.4	-0.1822
34.592	0	4	4.4	-0.1818
34.624	0	8	4.4	1.1268
34.656	0	2	4.4	-1.4089
34.688	0	8	4.4	1.1274
34.72	0	3	4.4	-0.6813
34.752	0	5	4.4	0.2151
34.784	0	5	4.4	0.2154
34.816	0	7	4.4	0.8562
34.848	0	4	4.4	-0.1786
34.88	0	5	4.4	0.2165
34.912	0	3	4.4	-0.6786
34.944	0	2	4.4	-1.4041
34.976	0	6	4.4	0.5565
35.008	0	3	4.4	-0.6774
35.04	0	5	4.4	0.2181
35.072	0	4	4.4	-0.1761
35.104	0	4	4.4	-0.1757
35.136	0	9	4.4	1.38
35.168	0	10	4.4	1.6104
35.2	0	6	4.4	0.5586
35.232	0	5	4.4	0.22
35.264	0	4	4.4	-0.174
35.296	0	2	4.4	-1.3988
35.328	0	3	4.4	-0.6735
35.36	0	5	4.4	0.2212
35.392	0	8	4.4	1.1334
35.424	0	7	4.4	0.8615
35.456	0	8	4.4	1.1339
35.488	0	4	4.4	-0.1718
35.52	0	6	4.4	0.5613
35.552	0	3	4.4	-0.671
35.584	0	2	4.4	-1.3948
35.616	0	6	4.4	0.5621
35.648	0	5	0	0
35.68	0	2	0	0
35.712	0	8	0	0
35.744	0	4	0	0
35.776	0	5	0	0
35.808	0	4	0	0
35.84	0	6	0	0
35.872	0	5	0	0
35.904	0	6	0	0
35.936	0	4	0	0
35.968	0	4	0	0
36	0	2	0	0
36.032	0	4	0	0
36.064	0	6	0	0
36.096	0	5	0	0
36.128	0	3	0	0
36.16	0	7	0	0
36.192	0	2	0	0
36.224	0	3	0	0
36.256	0	5	0	0
36.288	0	3	0	0
36.32	0	5	0	0
36.352	0	5	0	0
36.384	0	2	0	0
36.416	0	6	0	0
36.448	0	4	0	0
36.48	0	8	0	0
36.512	0	2	0	0
36.544	0	8	0	0
36.576	0	3	0	0
36.608	0	1	0	0
36.64	0	3	0	0
36.672	0	7	0	0
36.704	0	4	0	0
36.736	0	2	0	0
36.768	0	6	0	0
36.8	0	3	0	0
36.832	0	3	0	0
36.864	0	2	0	0
36.896	0	5	0	0
36.928	0	4	0	0
36.96	0	5	0	0
36.992	0	2	0	0
37.024	0	5	0	0
37.056	0	3	0	0
37.088	0	5	0	0
37.12	0	4	0	0
37.152	0	5	0	0
37.184	0	4	0	0
37.216	0	5	0	0
37.248	0	2	0	0
37.28	0	3	0	0
37.312	0	8	0	0
37.344	0	5	0	0
37.376	0	2	0	0
37.408	0	8	0	0
37.44	0	5	0	0
37.472	0	3	0	0
37.504	0	9	0	0
37.536	0	5	0	0
37.568	0	4	0	0
37.6	0	5	0	0
37.632	0	6	0	0
37.664	0	4	0	0
37.696	0	3	0	0
37.728	0	5	0	0
37.76	0	6	0	0
37.792	0	6	0	0
37.824	0	4	0	0
37.856	0	3	0	0
37.888	0	5	0	0
37.92	0	6	0	0
37.952	0	3	0	0
37.984	0	7	0	0
38.016	0	2	0	0
38.048	0	9	0	0
38.08	0	3	0	0
38.112	0	7	0	0
38.144	0	6	0	0
38.176	0	6	0	0
38.208	0	4	0	0
38.24	0	4	0	0
38.272	0	2	0	0
38.304	0	6	0	0
38.336	0	10	0	0
38.368	0	6	0	0
38.4	0	3	0	0
38.432	0	2	0	0
38.464	0	3	0	0
38.496	0	2	0	0
38.528	0	1	0	0
38.56	0	2	0	0
38.592	0	9	0	0
38.624	0	2	0	0
38.656	0	2	0	0
38.688	0	4	0	0
38.72	0	1	0	0
38.752	0	2	0	0
38.784	0	2	0	0
38.816	0	4	0	0
38.848	0	3	0	0
38.88	0	7	0	0
38.912	0	1	0	0
38.944	0	7	0	0
38.976	0	8	0	0
39.008	0	3	0	0
39.04	0	6	0	0
39.072	0	4	0	0
39.104	0	4	0	0
39.136	0	3	0	0
39.168	0	8	0	0
39.2	0	2	0	0
39.232	0	9	0	0
39.264	0	4	0	0
39.296	0	7	0	0
39.328	0	5	0	0
39.36	0	2	0	0
39.392	0	5	0	0
39.424	0	6	0	0
39.456	0	7	0	0
39.488	0	5	0	0
39.52	0	4	0	0
39.552	0	4	0	0
39.584	0	6	0	0
39.616	0	7	0	0
39.648	0	6	0	0
39.68	0	3	0	0
39.712	0	1	0	0
39.744	0	7	0	0
39.776	0	4	0	0
39.808	0	7	0	0
39.84	0	6	0	0
39.872	0	4	0	0
39.904	0	7	0	0
39.936	0	9	0	0
39.968	0	1	0	0
40	0	0	0	0
39.968	0	1	0	0
40	0	0	0	0
