0	0.00104607034676664	8.24190676034869E-4	9.11525752177743E-4
0.032	0.00129084116646788	0.00133355264026901	0.00106709885671322
0.064	0.00217219239637235	0.00168551320929942	0.00201373902752395
0.096	0.00425506946097828	0.003596075155895	0.00375609105422732
0.128	0.0077296660848729	0.00708533142301974	0.00764316944735721
0.16	0.0143776520096768	0.0131710168997666	0.0135751604415428
0.192	0.0245715079599285	0.0261696381898716	0.0252489326118829
0.224	0.0433397992481624	0.0454136533864814	0.0430254355780975
0.256	0.0681663181409692	0.0739622221318109	0.070774155537061
0.288	0.104487078076349	0.108700123329755	0.10520285558756
0.32	0.151280459051472	0.155775855783255	0.151000480776992
0.352	0.204453382336054	0.213807348669035	0.205410540869249
0.384	0.269802927171604	0.274017167861869	0.271619714452053
0.416	0.338411986932531	0.344679898045437	0.338867246623518
0.448	0.409430963987553	0.41069118286509	0.407549632915884
0.48	0.489445630699876	0.490200317607037	0.485324066767382
0.512	0.565937686915423	0.561383848842187	0.555787407641204
0.544	0.634392156002299	0.630529805380944	0.628796624733565
0.576	0.703813026689584	0.698035680859008	0.6888568894501
0.608	0.762797060417142	0.75640622513379	0.751502905072009
0.64	0.812996101767871	0.801963993731255	0.804842746042627
0.672	0.859633972786313	0.856065515510067	0.850233426570918
0.704	0.895146748913154	0.891157725019706	0.891601671629058
0.736	0.920681854530626	0.912877159751019	0.913540730575366
0.768	0.948226396170898	0.941266734873409	0.939903330590066
0.8	0.962637428985726	0.956914374792291	0.955635417368636
0.832	0.968279305383671	0.962601078137031	0.965985679018731
0.864	0.975917132246842	0.97173947255649	0.977547298537205
0.896	0.978486495549465	0.970077425995097	0.978398102998586
0.928	0.972866556640883	0.969656014180825	0.973284182318675
0.96	0.969943827075391	0.96326580011976	0.969160163212682
0.992	0.963372751774478	0.959624177886477	0.965025771789295
1.024	0.949102119134397	0.942278677972645	0.953842517824362
1.056	0.938757518552371	0.936081852077179	0.945021922073389
1.088	0.92930215769729	0.91740357936188	0.924008312273226
1.12	0.910550417917729	0.912191931035392	0.910590582292726
1.152	0.896381068130296	0.892655662950462	0.905360202750475
1.184	0.883817432157232	0.880616726024896	0.887880108467574
1.216	0.869433685625665	0.871353285263593	0.869541912345685
1.248	0.853623173531152	0.84999385046063	0.855613492155212
1.28	0.841784064619869	0.843861596384037	0.849729812782594
1.312	0.829592725649022	0.827030710728508	0.824637262361398
1.344	0.8142669530497	0.809395533364196	0.817262122464646
1.376	0.797845900467973	0.792910650878955	0.80044877660335
1.408	0.784125011879637	0.782740346459213	0.786126034176017
1.44	0.772291458368951	0.7669269412636	0.769423516891272
1.472	0.755308504137448	0.757798610856721	0.752941989214632
1.504	0.743259651807317	0.744552319984674	0.746266429974076
1.536	0.732187630948974	0.725434487403041	0.726924822928991
1.568	0.722271152517031	0.71541354543917	0.717346251049461
1.6	0.70686819296587	0.706886690327932	0.705107305473699
1.632	0.696431998025973	0.699854084728939	0.69458117444351
1.664	0.684880320624539	0.683461253843075	0.683513107183197
1.696	0.672535572845111	0.670639246998588	0.665688259231886
1.728	0.659105491693485	0.655414304960468	0.660367841196235
1.76	0.654597798269212	0.645108571799538	0.646259346241681
1.792	0.641220247745454	0.638035025857	0.636545383714191
1.824	0.633437300572156	0.631650323843728	0.626937173628905
1.856	0.620145136872461	0.616753007554906	0.616250912578313
1.888	0.613886996397289	0.605202322672025	0.60411127960801
1.92	0.600650021928049	0.597025636891656	0.594125273659121
1.952	0.588368584541758	0.590683718204508	0.587760574651915
1.984	0.580918324015894	0.577139706403389	0.577588469430133
2.016	0.57055804504161	0.57080769629235	0.570924088762981
2.048	0.568369725972804	0.565333134396651	0.559135324290966
2.08	0.558118233556533	0.551804281278541	0.551885355677084
2.112	0.549621978195404	0.547021449911731	0.540379085690434
2.144	0.53969967230425	0.531904157005633	0.535856951045888
2.176	0.535925322313398	0.528581669173654	0.524107558461788
2.208	0.526862290695228	0.51951497646668	0.519895695674727
2.24	0.518408097026485	0.514931208632892	0.504900858236614
2.272	0.512970636435473	0.504490015740608	0.50636416320196
2.304	0.504988994862426	0.493381319490443	0.492431724310938
2.336	0.495773583386517	0.489890076376039	0.488189478442041
2.368	0.488913258908964	0.483793120103596	0.484156127962202
2.4	0.482830401905385	0.477226457835525	0.474715397317263
2.432	0.475234206063891	0.469991490053981	0.467909721442901
2.464	0.470132838182517	0.460395032031796	0.45986967762091
2.496	0.462606122525091	0.455518461659818	0.454922344559114
2.528	0.457523806327609	0.450281997538839	0.446928568141123
2.56	0.449689142073812	0.44505272840834	0.442071437050914
2.592	0.443853696248384	0.436610829231328	0.433466296139616
2.624	0.439065200415547	0.434209260195152	0.432057366076832
2.656	0.432243492335093	0.424879157453529	0.417687086110628
2.688	0.425365319153849	0.424013517147914	0.417419997364898
2.72	0.415309475794051	0.411147106972431	0.410935032866148
2.752	0.413555691023942	0.405915741088542	0.405378539449064
2.784	0.408774386477884	0.403858337882435	0.399856333686749
2.816	0.402953113107418	0.399151682915634	0.394087296071002
2.848	0.399582415260521	0.393238533538902	0.388411450199289
2.88	0.392310858398047	0.382170848503376	0.38241813569366
2.912	0.385999225786141	0.381501505025755	0.379653095201073
2.944	0.38166066663806	0.373372012555273	0.374819368441879
2.976	0.377493581817687	0.36820418053485	0.367173978392671
3.008	0.373105266370391	0.367610373177069	0.363017470825537
3.04	0.368190147421297	0.363315542525242	0.357577391655381
3.072	0.363534089542187	0.355602838226825	0.352031963536925
3.104	0.359228338270582	0.356160114320157	0.349567367280778
3.136	0.354234268357607	0.344425459351286	0.345904430267065
3.168	0.348639747379156	0.340959604908243	0.341813126999044
3.2	0.344064568031787	0.33307798516794	0.332781902301372
3.232	0.340087136886489	0.330595707694823	0.331147897863782
3.264	0.333208480265581	0.325875782289375	0.326077668709318
3.296	0.331176839765123	0.32261008506357	0.322501859692831
3.328	0.328184189038572	0.320090743270515	0.317056407894813
3.36	0.321540913755696	0.315172457893618	0.313756503027812
3.392	0.317522123206937	0.308393071673636	0.310839700313752
3.424	0.316359279756209	0.305685420586768	0.30961869973894
3.456	0.312332570158838	0.301039097625902	0.301915747165266
3.488	0.307994713466591	0.299825010560768	0.296554546608445
3.52	0.301032441507515	0.297275273326596	0.293591284317169
3.552	0.298951312741299	0.289269833370403	0.289164663697904
3.584	0.296209248166326	0.28601704801408	0.286690169680244
3.616	0.295324362849189	0.280462974314403	0.281989280790441
3.648	0.287977743219017	0.277870790664613	0.279190121471247
3.68	0.285598236337666	0.278144959701024	0.275472192223765
3.712	0.280125769524624	0.275939040258017	0.270399131960483
3.744	0.27957184547506	0.271492312169721	0.268911543613469
3.776	0.275227828493561	0.265079136960921	0.266546066277898
3.808	0.26931613239226	0.262372546068484	0.260591152621658
3.84	0.269346571481138	0.259010347300487	0.256946943850002
3.872	0.265967250319594	0.255419168679285	0.256266433719966
3.904	0.262751310835179	0.252486531954998	0.251989233231573
3.936	0.258946279228185	0.249221239686813	0.249233290062751
3.968	0.254218244403544	0.250763857807385	0.243399243193805
4	0.253990969861783	0.247806739384535	0.242495733192786
4.032	0.250306791880021	0.240257347374835	0.239210315409767
4.064	0.246568516152843	0.238521390642183	0.234651362421821
4.096	0.242785744540503	0.23886409232175	0.23466942555417
4.128	0.242055749627849	0.23380731776811	0.230754988589337
4.16	0.237635506537052	0.233267698038761	0.225449778791703
4.192	0.235479009717566	0.225024205280717	0.223680735256462
4.224	0.234187990153159	0.224737521714904	0.222097496789842
4.256	0.230907285676065	0.220003130341767	0.220734679946947
4.288	0.226029783664154	0.219871669735475	0.217416211580549
4.32	0.225005438008434	0.217275055214672	0.214097541964481
4.352	0.22502284910687	0.213424739653889	0.210998677277598
4.384	0.220624851264992	0.210746308879864	0.206995172510476
4.416	0.216897226821062	0.208032735616011	0.207813675007855
4.448	0.212831152585403	0.20618025535249	0.205915808424803
4.48	0.212954617707116	0.203428457509706	0.201981780390094
4.512	0.211205668127199	0.200625328233596	0.196865836231269
4.544	0.207938930555688	0.197117247334437	0.193893484527497
4.576	0.203795579762257	0.196373665557325	0.194370805866953
4.608	0.200791522168316	0.19518847285578	0.193019267172756
4.64	0.199365343070874	0.192232112460964	0.190342100959259
4.672	0.197241692811198	0.192043949387337	0.187236294336619
4.704	0.196765348042972	0.187800695159523	0.186247056507683
4.736	0.192400186428243	0.18461939382234	0.182442157618095
4.768	0.193163732416702	0.183454591728298	0.181241851855423
4.8	0.187273432521319	0.182612487696144	0.180795626155956
4.832	0.184843695513198	0.178548411795032	0.17568957300552
4.864	0.184752267760977	0.174753882450993	0.17442611198016
4.896	0.182429711623624	0.175648112025594	0.173581433120357
4.928	0.183079996912661	0.169541889381866	0.172969679316827
4.96	0.180036912438195	0.171500405609585	0.168526067533704
4.992	0.178625901548321	0.16704679176544	0.166785836249325
5.024	0.175887176617181	0.165930653393345	0.161631397771348
5.056	0.172130694761738	0.166588628600948	0.16255231390255
5.088	0.170665556590462	0.164551722484496	0.161026026021979
5.12	0.168561634152915	0.15834264113377	0.161060209382098
5.152	0.168621766759615	0.162064597776286	0.158817061666624
5.184	0.165520263595565	0.156168111629918	0.159270146944448
5.216	0.162616714716246	0.156699159681041	0.153039305771902
5.248	0.160973669831098	0.154826942574075	0.152942794721635
5.28	0.160883094144006	0.153497840493567	0.150737398005728
5.312	0.159112591026958	0.148988799805017	0.14734640563304
5.344	0.156634794331893	0.148036688790489	0.146695041000362
5.376	0.154352866759468	0.146786892250728	0.145705346395318
5.408	0.153772872652975	0.145570219227144	0.141901091614456
5.44	0.152227450460297	0.141624592433865	0.14216365546481
5.472	0.151027031634609	0.140702962647831	0.140795535496507
5.504	0.14973365195516	0.139076064832398	0.140177123084057
5.536	0.147119168401839	0.138955442138847	0.137598772928824
5.568	0.145020241048122	0.136752925571711	0.136451686460249
5.6	0.141893898991703	0.137629664580574	0.135869458831181
5.632	0.143030406878724	0.135201866027104	0.131165841699674
5.664	0.139988395231499	0.131827259057191	0.132308199401863
5.696	0.138945995549497	0.130157230727102	0.130164670739924
5.728	0.135823345005405	0.127807280401802	0.129843846908906
5.76	0.135710359187546	0.12807833217716	0.126272186387269
5.792	0.133720412895725	0.125893063353202	0.124766402402124
5.824	0.133687292630013	0.124103615241928	0.124026107410596
5.856	0.132381169898626	0.122686480483332	0.122147362785961
5.888	0.128478018098137	0.122200151814392	0.121702874504626
5.92	0.127259221093583	0.120317014497272	0.120088039321749
5.952	0.128758380520347	0.121005891850946	0.120221695969662
5.984	0.124937958279646	0.117358039633777	0.117394550634426
6.016	0.124869587212022	0.116673930463084	0.116038812253839
6.048	0.124388863257269	0.116180392968953	0.115871760741518
6.08	0.122752089824733	0.115756888189029	0.113659684822532
6.112	0.120246212405633	0.113932155807455	0.110421938917108
6.144	0.121092650893842	0.112229221817225	0.110713923149763
6.176	0.118677860053565	0.110856947534442	0.112015960251712
6.208	0.116401598620829	0.109690612098169	0.108228957339104
6.24	0.117070126761512	0.106197643813307	0.108592778031771
6.272	0.115796403616218	0.106944628892111	0.106144443939542
6.304	0.112094106533844	0.107278844243495	0.105928134970956
6.336	0.114298115357548	0.106659640204386	0.104663588657194
6.368	0.110341724122464	0.104800367282743	0.101336838559772
6.4	0.109586828413421	0.102904646357931	0.101768709561645
6.432	0.108898584122694	0.103346359009015	0.0986818786859575
6.464	0.10591146994639	0.100506760974593	0.0987536834132064
6.496	0.106115059920708	0.0990483464041885	0.0990320339313541
6.528	0.105629138288754	0.0991491381817237	0.0968601360279164
6.56	0.104787323675195	0.097580641171955	0.0959250207633258
6.592	0.102873065203514	0.0954412253824954	0.0947326637604936
6.624	0.103044660665816	0.0979914631938505	0.0943874859509928
6.656	0.10098154214125	0.0937794926791854	0.0933793510235595
6.688	0.0990910270529815	0.0946375350623248	0.0948743791417001
6.72	0.0985030737482996	0.0942955979478537	0.091153181830251
6.752	0.0984285591541107	0.0900106776161645	0.0892905735673216
6.784	0.0972774944723687	0.0886631616414068	0.0896671602113655
6.816	0.0958742904176325	0.0910127495748159	0.0880469765348463
6.848	0.0961525958640168	0.0875220358212088	0.0874907861201808
6.88	0.0936179631428155	0.0876187413882838	0.0876610372555912
6.912	0.0936249196657149	0.085529034917429	0.0859766226003527
6.944	0.0909421999967144	0.0833857139635058	0.0856143309095454
6.976	0.0913713032899407	0.0825473996229029	0.0840545552476489
7.008	0.0911834870242703	0.083865483677461	0.0830079154998635
7.04	0.0891131258221223	0.080187066106515	0.0822278176159989
7.072	0.0895628114769209	0.0815569774139762	0.0809868187821681
7.104	0.0884935285988346	0.0790014434301253	0.0799627923713378
7.136	0.0867274640964612	0.0800463556494773	0.0808396953185097
7.168	0.0858341864199113	0.077820774474467	0.079388159146256
7.2	0.0845795007825477	0.0781106578237379	0.0769466698291435
7.232	0.0828398863192301	0.0784090899300168	0.0775250718804864
7.264	0.082410348311272	0.0778199947945681	0.0772507800975758
7.296	0.0823744973312793	0.0770432399183905	0.0735117124639336
7.328	0.0824826401842086	0.074390930194842	0.0747557859758604
7.36	0.0810021529655625	0.0741636208634788	0.0745646153427926
7.392	0.0793622615952598	0.0732974868397219	0.0728695353563751
7.424	0.0799441590183664	0.0731387137842008	0.0723982143217301
7.456	0.0782373788424044	0.0722682185379338	0.0718914172033712
7.488	0.0774040862601571	0.0703730747817753	0.0701379226625418
7.52	0.0766251255086781	0.0706281311572076	0.0693568147539873
7.552	0.0760005872875361	0.0690012188937206	0.0682098178057414
7.584	0.0745490414960834	0.0685516460416167	0.0684147983471459
7.616	0.0753772726809754	0.0675447952009584	0.0671221685018235
7.648	0.0728345698310519	0.0680800007054392	0.0673769027295517
7.68	0.0726799909358428	0.0674765253190299	0.0661136536938984
7.712	0.0723070251835442	0.0675830062009438	0.0655938020779885
7.744	0.0714537567101946	0.0666163132989738	0.0649749444191193
7.776	0.0721425986392965	0.0670210884584632	0.0651642098013731
7.808	0.0696484249995064	0.0641395082954889	0.0638019325885485
7.84	0.0703021214250207	0.0627039067261729	0.065185933326997
7.872	0.0683819129340137	0.0636828377057942	0.0625089602929717
7.904	0.0669086014747949	0.0603538311938786	0.0622557672909947
7.936	0.066646522730057	0.061790320485827	0.0624237629174282
7.968	0.0662520550387098	0.0626177224774655	0.0606730362373734
8	0.0663113150765018	0.0599119410420205	0.0599997455469334
8.032	0.0643606769153523	0.0602902666974183	0.058818260642635
8.064	0.0647772551273195	0.0605266582358733	0.0594078983099904
8.096	0.0645648777482186	0.058207535463092	0.0575583693085433
8.128	0.064928742312725	0.0571207689170875	0.0580576351161898
8.16	0.0619407200195162	0.0568965391062579	0.0564338076939271
8.192	0.0633948368511089	0.0570593569203947	0.0556138216214539
8.224	0.0616292250634287	0.0580244036040864	0.0557745182917376
8.256	0.0617400722885639	0.0550446644554802	0.0553187423400977
8.288	0.0613119595975221	0.0532824373282931	0.0553740393717075
8.32	0.0600553733120386	0.0547810197039609	0.0554988854266632
8.352	0.0596783694273857	0.0544796877845081	0.0527644898837313
8.384	0.0602600894635254	0.0517341074289173	0.0527074848108783
8.416	0.0575786369419448	0.0541608550663538	0.0518685107152215
8.448	0.0565217897759201	0.0523052637997145	0.0512224224236
8.48	0.0574792246077045	0.0522307723230527	0.0503543939427305
8.512	0.0566901506758245	0.050250661635723	0.050177253684306
8.544	0.0551593838349532	0.0501075101299756	0.0496469099793809
8.576	0.0552256707635849	0.0503184043797928	0.0492148998512336
8.608	0.0552335758932429	0.0491992684046481	0.0493607840606775
8.64	0.0551172943367697	0.0491071974200283	0.0485754835023175
8.672	0.0529868573197984	0.0503818203151578	0.0491712340098201
8.704	0.0524794872196059	0.0467941180083825	0.0477105498856794
8.736	0.0531177001522062	0.047422539475326	0.047353560128662
8.768	0.052398939613767	0.0471041135286802	0.0463655444598639
8.8	0.0524703093866301	0.0466865023529532	0.0462181154675911
8.832	0.0516263633807681	0.046124209690028	0.0458933855371499
8.864	0.0508205626926709	0.0453419295908692	0.0454991605721727
8.896	0.050850211685172	0.0454603812463941	0.0452325509568657
8.928	0.0503274313060085	0.0451006057340279	0.0439791155878621
8.96	0.0503076687881307	0.0447679997764668	0.0447124820594139
8.992	0.0477219183348842	0.0448850880044289	0.0430555077750387
9.024	0.0481729865674896	0.0437503281846659	0.044074125121392
9.056	0.0479636520091862	0.0431024100648448	0.0425440390425224
9.088	0.0472152948725624	0.0422406000878504	0.0430197588238757
9.12	0.0468441768690218	0.0413199350839339	0.0420264955397615
9.152	0.046647971070988	0.0426017054278003	0.0409155481619689
9.184	0.0467131979715525	0.0411772998346962	0.0415616458231862
9.216	0.0457748019561612	0.0413740033612215	0.0414058694293587
9.248	0.044438754738394	0.0411817107005335	0.0405019046361522
9.28	0.0454916601905881	0.0410429456719824	0.0395826691065458
9.312	0.0444452959169784	0.0402384075844265	0.0400903728562485
9.344	0.0439781149920005	0.0399214186687095	0.0386426571979537
9.376	0.0436591192711765	0.0388204077877849	0.0385729057775645
9.408	0.0428283935016893	0.0388043312833714	0.0385540346033628
9.44	0.0420683278997336	0.0378721022242696	0.0376846705803407
9.472	0.0425492753093775	0.0365347088882247	0.0367602509397727
9.504	0.0415838997740485	0.0366872511149633	0.0376959423349921
9.536	0.0415090694859863	0.0375716393060315	0.0374954757536187
9.568	0.0416443680929291	0.0371671560463444	0.0365132518519447
9.6	0.0408083854479103	0.0367297357763901	0.0361337269431741
9.632	0.0406349853079537	0.0352870848674779	0.0361406667537442
9.664	0.0398903984472507	0.0359668577382456	0.0361184565039464
9.696	0.0392347278763424	0.0362422254398068	0.0352447350987742
9.728	0.0398673869075316	0.0344914623702291	0.0348741902207524
9.76	0.0389073707756468	0.035526357871955	0.0357600879816119
9.792	0.0391202424132095	0.0356280974941926	0.0342059655282574
9.824	0.039106724377512	0.0336373624166612	0.0347402917613642
9.856	0.0373726809810991	0.0335304769296947	0.03398139597768
9.888	0.0370721557130781	0.0334401699047001	0.0332731843629749
9.92	0.037580720667455	0.0335756262689902	0.0338900949619409
9.952	0.0359665154975177	0.0328608558586805	0.0332027275213487
9.984	0.036030753950236	0.032097740414861	0.031897859898888
10.016	0.0352106763781825	0.0326435257954662	0.0318427456102719
10.048	0.0355973290275439	0.0324027536184213	0.0309845711445085
10.08	0.0357274404095845	0.0316856025589126	0.0309321540189254
10.112	0.0350680542224695	0.0302942620685492	0.0316652230901866
10.144	0.0343142998965046	0.0306546799145036	0.0302646832668025
10.176	0.0349383774763901	0.0307011743347752	0.0300152914116255
10.208	0.0342580051616116	0.0312448201045758	0.0296806006504127
10.24	0.0333632900267122	0.0308917312091928	0.0293880423706613
10.272	0.0327804266171991	0.0295489340642239	0.0297306690919356
10.304	0.0328960328649404	0.0299383779492608	0.0290303399544569
10.336	0.033452154573795	0.029181248630164	0.0280583718067459
10.368	0.0325844205034818	0.0280593855913905	0.0294105754162205
10.4	0.032624474006272	0.0280127006103808	0.0273954992427311
10.432	0.03265893458541	0.0283842025886394	0.02868396869978
10.464	0.0323441116884391	0.0277104725885585	0.0289154860876732
10.496	0.0317714658928605	0.0283005876738744	0.0278254062048616
10.528	0.0313551669400156	0.0281127042721228	0.0264076390166285
10.56	0.0305008766153783	0.0274961803678385	0.0267581381863823
10.592	0.0305434284080113	0.0279609943293425	0.0271019625156507
10.624	0.0299089730672823	0.0270826508727484	0.0272210128127467
10.656	0.0302421165517837	0.0258800648218964	0.0262324843541377
10.688	0.0294973183078224	0.02448164605801	0.0269236818280054
10.72	0.0298649149646849	0.0257054655077881	0.0273011563449289
10.752	0.0292852913263761	0.0259349921432259	0.0255536358351733
10.784	0.0280033618910648	0.0252016792394215	0.0256606957226917
10.816	0.0277740712989455	0.0262583448632945	0.0253192815523264
10.848	0.028653197738417	0.025245724606007	0.0259041094504688
10.88	0.0276281210381516	0.0245608153213261	0.0241973837201908
10.912	0.0281132867327587	0.0247700450763616	0.0236539579039761
10.944	0.0273105559647946	0.024704868929864	0.0236791054186352
10.976	0.0276446832333875	0.0240074817226443	0.0235273364956514
11.008	0.0274317320220338	0.0232159034081302	0.0241016144908854
11.04	0.0260821488906629	0.0228601672203405	0.0241661165193753
11.072	0.0266130450172347	0.0228500296807739	0.0229534019357924
11.104	0.0265665835531411	0.0234559803864295	0.0232325326994884
11.136	0.025476363147422	0.023152670813004	0.0228745332429273
11.168	0.0264752480445323	0.0237124923085935	0.0230813239648501
11.2	0.0258051734028217	0.0232525694553848	0.0222988169987839
11.232	0.0243381011562193	0.022154283433913	0.0222514618089919
11.264	0.0251967377212031	0.0221416132431763	0.022277801383257
11.296	0.0244901170468095	0.0216394083478534	0.0221249919486261
11.328	0.0244591723477541	0.0212255623529459	0.0215751790838167
11.36	0.024050294758066	0.0222015191585706	0.0215179969554376
11.392	0.0234475962349081	0.0206268275463769	0.0210184539595015
11.424	0.0240540439094948	0.02135276919099	0.0214185370486147
11.456	0.0240479532534558	0.0197564720732627	0.0203177998783977
11.488	0.0247076401824865	0.020685161184748	0.0209330897215522
11.52	0.0238476972932886	0.020209046177794	0.0203469758076833
11.552	0.0230056450263415	0.0204391718479194	0.0200958278787711
11.584	0.0234538573324576	0.0211533107844181	0.0199197596922255
11.616	0.0232722599299659	0.0194263977440128	0.0193477744502417
11.648	0.0226176354567854	0.0199542069804721	0.0194031768853734
11.68	0.0220630755175388	0.0197100711914939	0.0196372613367283
11.712	0.0223366254330051	0.0193869093327172	0.0198486135751637
11.744	0.0215386606367744	0.0186158286561994	0.019188463183338
11.776	0.0217561142537773	0.018320458988048	0.019561174622596
11.808	0.0219441407953272	0.0180933359048532	0.0196025678143969
11.84	0.021456805557381	0.0185118468935204	0.0179125265782163
11.872	0.0215302025295324	0.0184524472917896	0.0192819712844549
11.904	0.0217473115637255	0.0190889632069512	0.0185088251464308
11.936	0.0210475491611767	0.0173518774967838	0.0181390866721777
11.968	0.0211440846037883	0.0188327800507912	0.0179321915350491
12	0.0205148994786042	0.0180469072635674	0.0178098315478966
12.032	0.0205346905946673	0.0173505618567685	0.0173701871360133
12.064	0.0197190701032144	0.0170821098940066	0.0183582933469443
12.096	0.0203889245326276	0.0179709490893516	0.0172643182369985
12.128	0.0203026502565777	0.0172580565732712	0.0169252769169461
12.16	0.0202130396954725	0.0182489803842526	0.0172482288314945
12.192	0.0196867702426426	0.0167609960742145	0.0177803865095002
12.224	0.0189558418883349	0.016372622143627	0.0164599679923944
12.256	0.0194188244395298	0.0163766981102829	0.0165019177069643
12.288	0.0192008461278559	0.015561597060188	0.0166861829306671
12.32	0.0193300393990404	0.0156756169912099	0.0168059339922925
12.352	0.0192182178978806	0.0162908481301674	0.0157750450955839
12.384	0.0186786881566727	0.0165429890627903	0.0159552432678785
12.416	0.0192523222600269	0.0162664088914101	0.0163898091397637
12.448	0.0182265356732644	0.016021998082668	0.0157864025561918
12.48	0.0182232174629203	0.0157820899209152	0.0147425903208516
12.512	0.0183796190935776	0.015703085552877	0.0161526044870358
12.544	0.0179408304606759	0.0157908321368772	0.01589136471976
12.576	0.0175983905995079	0.015303243406366	0.0155937045856834
12.608	0.0172111811354878	0.0151168180281922	0.0154532371086705
12.64	0.0174914059820774	0.0148802295778178	0.0147819190713961
12.672	0.0174263173613776	0.0143567896425896	0.0149521315403703
12.704	0.0166285767428014	0.0136700805570845	0.0144833937114454
12.736	0.0171013662227928	0.0141742582730976	0.0143890958762191
12.768	0.0163717339486659	0.0147349742238326	0.0144391765757631
12.8	0.0168683004010244	0.0148772387455761	0.0137359906491831
12.832	0.0163981051322348	0.0145367756441254	0.0134397965281377
12.864	0.0159215452965606	0.0138366237187587	0.0135029676066729
12.896	0.0164945377808862	0.0138638979820066	0.0141070478469084
12.928	0.016436615952314	0.0138090282131457	0.0137331056476664
12.96	0.016105854985298	0.0129265694615795	0.0132196896263336
12.992	0.0157469677849903	0.0134374961675702	0.0134304747663659
13.024	0.0159151923646861	0.0133558485415145	0.013180206748875
13.056	0.0156349449853939	0.0129338000299739	0.0133028240304415
13.088	0.0150541064652364	0.0128232274780723	0.013400319221592
13.12	0.015446134304167	0.0134871461609592	0.0133485774457707
13.152	0.0151312475871867	0.0126655676349255	0.0130983965037742
13.184	0.0146752852066234	0.0126197722993323	0.012793597340832
13.216	0.0152501130735089	0.0125451945892983	0.0133895077029732
13.248	0.0147602832978857	0.0134310755098583	0.0121938080423216
13.28	0.0147449521774389	0.012702266507167	0.0126684665637761
13.312	0.0141561530249818	0.0121701268099332	0.0126399936998792
13.344	0.0140127765142351	0.0124105283823984	0.0116292902561125
13.376	0.0142469239213995	0.0122542020772636	0.0118069964009897
13.408	0.014114684211841	0.012208602544589	0.0116871667437448
13.44	0.0139299316954379	0.0122526633299705	0.0122692454364184
13.472	0.0138423539191467	0.01173406978818	0.0120180179720341
13.504	0.0137368249044373	0.0119905374892845	0.0117693886174855
13.536	0.0138840069602739	0.011165865619826	0.0114061427644724
13.568	0.0133886161586559	0.0117848528542965	0.0120506220295089
13.6	0.0135475247776932	0.0116864554989415	0.0109985459817636
13.632	0.0131668374664791	0.0110102535185367	0.0116351026220505
13.664	0.0132002612174823	0.0112459939025579	0.0108869641473727
13.696	0.0131069712951476	0.0109486298594125	0.0112222614941129
13.728	0.0130968858578159	0.010309190004191	0.0107915252958595
13.76	0.0124539270242641	0.011253915742031	0.010403604840024
13.792	0.0128947235555588	0.0112415081381276	0.0112243422446084
13.824	0.0124841294585068	0.0109298553135537	0.0108146772447962
13.856	0.0130300053826339	0.0100831737171907	0.0108483935582011
13.888	0.0126501451621367	0.0100371407711012	0.0104564056163343
13.92	0.0125820776012728	0.0105049034379324	0.010627580555314
13.952	0.0122333997369892	0.0104023251386751	0.0101364812573878
13.984	0.012600537863311	0.0100921152161711	0.0105254849483148
14.016	0.0123054308843173	0.00980443662936466	0.0104570858138356
14.048	0.0123409785288273	0.00969588600665932	0.0103508140713189
14.08	0.0118063046040852	0.00957743998398343	0.0102266031390787
14.112	0.0114741288589544	0.00973997820287189	0.00958218439261895
14.144	0.0121855390029868	0.0100682166938886	0.0102915908096464
14.176	0.0117690815308718	0.00984976242352904	0.00939140595939867
14.208	0.0110856940010907	0.00927546602267706	0.00923513945232994
14.24	0.0115602547602307	0.00938416830836509	0.00948679747899348
14.272	0.0108162421608596	0.00932349674846833	0.0096310359064589
14.304	0.0109427557125135	0.00901535956985012	0.0100951615547388
14.336	0.0117159663090283	0.0094509652766994	0.00878990423821434
14.368	0.0112914614458878	0.00924221573924721	0.00967195988692427
14.4	0.0109620555003252	0.0091302342728805	0.00894524485873698
14.432	0.0108909914357064	0.00936003364526938	0.00910345070094236
14.464	0.0108961789607234	0.00845192387279422	0.00922722556635585
14.496	0.0110169270908091	0.00844569762213996	0.00938357927527196
14.528	0.0105979354870798	0.00870631601675444	0.00898086738892554
14.56	0.0101503169012342	0.00881303347486632	0.008968763302993
14.592	0.00993968111131624	0.00876756964964701	0.0087370448751935
14.624	0.0107038948227539	0.00860877556566583	0.00898346060038754
14.656	0.0100905776957124	0.00864842169037674	0.00827285808985933
14.688	0.0101153293678108	0.00770464998926156	0.00770041704306621
14.72	0.00986023038187124	0.00833766018881815	0.00828470835262473
14.752	0.00975160918776957	0.00790104245502252	0.00876726741401121
14.784	0.00972173415091892	0.00889308179408868	0.00785223064918952
14.816	0.00941074093098911	0.00770737016186956	0.00828588652916748
14.848	0.00990309616550612	0.0078011581992747	0.00805764047952395
14.88	0.00951876935998863	0.0082467107098411	0.00814961674985039
14.912	0.00944520700761257	0.00810333329250539	0.00788401528441207
14.944	0.00984871864541259	0.00753325246348085	0.00786737027669217
14.976	0.00981108263723958	0.0083874665486134	0.00826950510581324
15.008	0.00911834548350262	0.00765408094517269	0.00791197442368961
15.04	0.00922203374677317	0.00764723601414355	0.00726535139874202
15.072	0.00893457744592293	0.00743863884633895	0.00805183434153908
15.104	0.00917656754685966	0.00803072046418067	0.00770628294060002
15.136	0.00916362580180637	0.00778518642102422	0.00810083895431701
15.168	0.0086636758311541	0.0076390228548651	0.00707915473450266
15.2	0.00905104841971013	0.00709839972670417	0.00759536808276608
15.232	0.0086031129482862	0.00748257093286212	0.00717496232620332
15.264	0.00893053694622282	0.00753604512855481	0.00750712232662302
15.296	0.00888321403797685	0.00797373483837603	0.00712472738516882
15.328	0.00856416046641097	0.00705736493604816	0.00740585131726567
15.36	0.00850197241932829	0.00747320790301357	0.00736167456385999
15.392	0.00835000090452235	0.00700418221802073	0.00741827795489012
15.424	0.00814897284422453	0.00696386803106245	0.00727560138040491
15.456	0.00865199789218245	0.00684143805113781	0.00695136767349691
15.488	0.0080594949068648	0.0065479353132029	0.00728155033734007
15.52	0.00794893446440838	0.00664913008354114	0.00669410276352432
15.552	0.00844207370373721	0.00631537145380747	0.006257351005607
15.584	0.00764669407421623	0.00693972101836098	0.00672274577313176
15.616	0.00822682826439501	0.00675855459453289	0.00684626057113241
15.648	0.00804109769336038	0.00656310605422354	0.00643892077756916
15.68	0.00788974968788948	0.00635472930655341	0.0064031530809534
15.712	0.00791307171082792	0.0066210076160997	0.00643938796324479
15.744	0.00799436016343067	0.00635174933461955	0.00662184367235056
15.776	0.00787109323346051	0.0065090018226104	0.0059451288626108
15.808	0.0077342809792331	0.00667639709918344	0.0065032912107312
15.84	0.00760981879912905	0.00656983331468264	0.00641169660524907
15.872	0.00732642434272603	0.00638979534529509	0.00646792699740335
15.904	0.00744901008888542	0.00533660748194808	0.00617233670361543
15.936	0.00778839926310035	0.0061616081514168	0.00626258869014736
15.968	0.00745438241725786	0.00554119948077429	0.00569536016558215
16	0.00731573547416219	0.00637745092301062	0.00558046860396166
16.032	0.00682108620673222	0.00617729245396594	0.00586929195761871
16.064	0.00702215561466646	0.00600711828100967	0.00582232880450936
16.096	0.00722907941477703	0.00595528004501106	0.00575212388504986
16.128	0.00684440570889192	0.00595957714136082	0.00607476534872641
16.16	0.00728694922543496	0.0058926323119927	0.00560226072907926
16.192	0.00668905904123683	0.00586567866976869	0.00580809743331731
16.224	0.00689988572092309	0.00574496280848022	0.00514451166218009
16.256	0.00661614367254868	0.00517192027728124	0.00577697761151263
16.288	0.0067005052279431	0.00580472803597043	0.00606707250309708
16.32	0.00675043110740552	0.00543859851693458	0.00519204330272066
16.352	0.00682149861622404	0.00569626192133844	0.00521398128181716
16.384	0.00711929329197142	0.00529507729864511	0.0056210182049642
16.416	0.00620253073296238	0.00543148770705095	0.00553058235575113
16.448	0.00622422591417153	0.00537746273642706	0.00533596907194417
16.48	0.00685807093048295	0.00499834304158836	0.00539434229604469
16.512	0.00663114082448779	0.00549699812043498	0.00503686581385089
16.544	0.00662653706362011	0.00584917847096475	0.00542797913787867
16.576	0.00645720187292633	0.00504922433828346	0.0056528206840003
16.608	0.00675939844349875	0.0052992656015593	0.00536321744398211
16.64	0.00648068622998161	0.00550444098755925	0.00511519881864974
16.672	0.00627912897995517	0.00526330429237366	0.00520410974460247
16.704	0.00612164298390507	0.00497302816548013	0.00503555238228438
16.736	0.00623894903002407	0.00480438766517888	0.0054716141090586
16.768	0.00634748597564593	0.00505313824179582	0.00487508109491808
16.8	0.00601534782823622	0.00473758230909276	0.00519581433002754
16.832	0.00564679171369308	0.00519828728808286	0.00522845024690019
16.864	0.00628532055561195	0.00506182619142272	0.00493266444117317
16.896	0.00619716282375193	0.00467355713714504	0.00516587409771014
16.928	0.00624244815223457	0.00460112263085313	0.00478829022467736
16.96	0.00593034710422566	0.00475976941580291	0.00474462901525324
16.992	0.00617846308910535	0.00505262278631745	0.00462728026785309
17.024	0.00626013833128478	0.00505901127868122	0.00453758139462772
17.056	0.00592540748273238	0.00457163058696498	0.00455064067620412
17.088	0.00564290221057054	0.00499697138146936	0.00438352172734704
17.12	0.00586220739610598	0.00467242798208048	0.00487331899038605
17.152	0.00593241422428167	0.0048235722552961	0.00501066537087541
17.184	0.00580865133299338	0.00443317785474616	0.00479475964183669
17.216	0.00540691070667896	0.0044639402153002	0.00501925287762953
17.248	0.00519942670097774	0.00405542988630976	0.00451447652697721
17.28	0.00545476111430096	0.00488827745129913	0.00435226601341888
17.312	0.00550428186085523	0.0046732307674017	0.00436412395329308
17.344	0.00489751562632565	0.00443365844644926	0.00417890468457784
17.376	0.00550929029271279	0.0040254792439221	0.00434753101715257
17.408	0.00554996910148849	0.00430868372465708	0.00438786948685616
17.44	0.00500217157958163	0.0043974845062792	0.00435213423402662
17.472	0.00478930469933085	0.00461839007466594	0.00402894312597011
17.504	0.00536684743878494	0.00461943870091164	0.00433099467749227
17.536	0.00505801229600359	0.00419027355662358	0.00413914372469493
17.568	0.00532768470820797	0.00407440755087658	0.00411662873843923
17.6	0.00502772200986661	0.00406968174690094	0.00445157406582855
17.632	0.00514278160753343	0.00430185870607752	0.00437879392718496
17.664	0.00506614813846863	0.00399303000519751	0.00398117329620442
17.696	0.00496084474908722	0.00403330551934945	0.00405289389289439
17.728	0.00518541326283079	0.00405349643445838	0.00432354374721455
17.76	0.00510457031743221	0.00411161318141862	0.00433974157646194
17.792	0.00493753120765193	0.00338185315100072	0.00408821608790641
17.824	0.00470870855261544	0.00417365947352258	0.00378083412939383
17.856	0.00493028356878415	0.00390507526895425	0.00397148039078704
17.888	0.00519784291199509	0.00432595539459767	0.00357251064411235
17.92	0.00491480312273829	0.00355936402543435	0.0035344838961279
17.952	0.00459246924842761	0.00427032817543448	0.00364712673753283
17.984	0.00501856018183052	0.00362170738068784	0.00393511258713152
18.016	0.0045652877561874	0.00399375218880156	0.00376728819388211
18.048	0.00454933094062135	0.00363254452461146	0.00397403353888355
18.08	0.00474781234724475	0.00395923784779496	0.00375487773922596
18.112	0.00447464117609572	0.00383651239636109	0.00358860856206191
18.144	0.0043057667135764	0.00354497344483036	0.00355163871585944
18.176	0.00446512651786807	0.00383343622731749	0.00327431502331903
18.208	0.00423733263227577	0.00362083094800063	0.00370931361638671
18.24	0.00420991733903491	0.0035324944060511	0.00364551436474869
18.272	0.00440007425243291	0.00377769642358072	0.00423140789059169
18.304	0.00435018365867905	0.00352204497641084	0.00403295628001041
18.336	0.00439647077599396	0.0034719864985362	0.00342768996900928
18.368	0.00444505389584229	0.00335032282625483	0.00348468196510111
18.4	0.00411375239550818	0.00314295435759148	0.00350019620273372
18.432	0.0041821455894105	0.00322186290524497	0.0034177662386111
18.464	0.00428007479865402	0.00313961679267888	0.00352739768205248
18.496	0.00435475238678024	0.00360866702034919	0.00313606165937589
18.528	0.00460709227565527	0.00347511228576536	0.00303221001067088
18.56	0.0039784183399488	0.00354139997308141	0.00280102919223276
18.592	0.00439766499817894	0.00359646745380433	0.00369467165386214
18.624	0.0043213310731968	0.00327624684529881	0.00335717982247349
18.656	0.00397189259388103	0.00339021393626234	0.00313977278816298
18.688	0.00409497133074494	0.00303388687299306	0.00346157175159945
18.72	0.00386398771817341	0.00337347696872263	0.00354991668659747
18.752	0.00386638060329624	0.00289624558122607	0.00349550878085918
18.784	0.00404907980053068	0.00304239250690193	0.00339625170935412
18.816	0.0037283318750836	0.00348990830769105	0.00307272293188036
18.848	0.00382844787262305	0.00302384486078904	0.0031732827160834
18.88	0.00406071488229422	0.00268892079095721	0.00352840056595803
18.912	0.0038357861077434	0.00325085578017708	0.00302813096181482
18.944	0.00361097166699209	0.00323841852918211	0.00314702620306047
18.976	0.00375208425536989	0.00334221963615261	0.00265559555412314
19.008	0.00366884592367132	0.00294444640038825	0.00325511507596965
19.04	0.00397298038542941	0.00289557266788534	0.00290309585654216
19.072	0.00358198178031693	0.00280354863645096	0.00292773534449844
19.104	0.00361675238876093	0.00285349668759442	0.00291929811487763
19.136	0.00357462672560447	0.00299903535920307	0.00311684603992542
19.168	0.00356672356782277	0.00356108078588123	0.00282612924596984
19.2	0.00390776157379575	0.002640220460832	0.002869270102819
19.232	0.00357845873366391	0.00289400357404579	0.00285235833013445
19.264	0.00369175397178333	0.0031657420536377	0.0031764447188892
19.296	0.00346612389352907	0.0027129831993275	0.00268231451534487
19.328	0.00353194265633733	0.002614566699225	0.00286222609032108
19.36	0.00341741736413469	0.00294108593849877	0.00269937944712762
19.392	0.00338989506531575	0.00277354694693036	0.0031304933258975
19.424	0.00344132396079297	0.00321857954346974	0.00278241642486903
19.456	0.00358530407254354	0.00273488916450908	0.00270622558573079
19.488	0.00383329846301771	0.00271466795852742	0.00254924993479981
19.52	0.00359285969476439	0.00242533985867098	0.00264249465021085
19.552	0.00346864145809819	0.00285540879107292	0.00284899899975993
19.584	0.0034892331667286	0.00293142117241189	0.00285548575970704
19.616	0.00369696466148184	0.00249767389063629	0.00238484472080124
19.648	0.00326523467269439	0.00274578516173688	0.00262072859085637
19.68	0.0032279395035309	0.00265036385620419	0.0023957618537525
19.712	0.00324910218763651	0.00278918339698029	0.00285088994449227
19.744	0.00307045807327212	0.00266649515442736	0.0026436385590288
19.776	0.00345807012806052	0.00254333937632934	0.00262892360946801
19.808	0.00355127308883614	0.00265773669070471	0.00261964811013109
19.84	0.00310571686671411	0.00260405342489342	0.00285671462925703
19.872	0.0030972860456633	0.00245465924355403	0.00239974477059271
19.904	0.00335269742727581	0.00287950282094084	0.00246284875851621
19.936	0.0033415205535797	0.00245205602656862	0.0025370631442229
19.968	0.00312878110835309	0.00281990820745669	0.00231513118462178
20	0.0030736180830345	0.0022650205888372	0.00241369862302854
20.032	0.00308137412833652	0.00253882391722056	0.00260350150073705
20.064	0.00311157976627112	0.00256857509366425	0.00257294947938677
20.096	0.00322887503058173	0.00256821508060904	0.00284587874622979
20.128	0.00299737202484374	0.00229915170793268	0.00243386243298653
20.16	0.00304327695058926	0.0025622845768436	0.00243180005262607
20.192	0.00296599681845115	0.00242146136717598	0.0024908287172067
20.224	0.00311445054012046	0.00260722837849401	0.00256254454024509
20.256	0.00279935686370981	0.00286054295876662	0.00229618342974206
20.288	0.00279790392620776	0.00230038371379	0.00228120234035371
20.32	0.00321697725693658	0.0024816942478748	0.00246314000847936
20.352	0.00302041457291593	0.00231433864778565	0.00237284202169024
20.384	0.00255419086546672	0.00218956963931459	0.00230673755415328
20.416	0.00321014357254365	0.00230152926324756	0.00226858661980343
20.448	0.00319897100782142	0.00188746613782085	0.00254902331728791
20.48	0.00294501175791054	0.00238715309615353	0.00244640227223253
20.512	0.00288214154759914	0.00196560844534251	0.00265849103061159
20.544	0.00283888512653023	0.00230725795981453	0.00241587639504698
20.576	0.00304624908131989	0.00214514512421834	0.00239492533316786
20.608	0.00263325527207967	0.00222156978737127	0.00267404020691839
20.64	0.00259053279303515	0.00238748603886962	0.00234560953845914
20.672	0.00258515900668521	0.00232106550401409	0.00223022099137342
20.704	0.00289558159975121	0.0020878271794736	0.00236426722546653
20.736	0.00278464269032935	0.00190715872263997	0.00240876443201948
20.768	0.00260510107275751	0.00194917625333146	0.00207309991754811
20.8	0.00298555267684162	0.00253454578049653	0.00204435259880127
20.832	0.00261677640841654	0.00232703068020822	0.00206743417163802
20.864	0.00290913093066154	0.00201724980246703	0.00216574581822709
20.896	0.00278055945823501	0.00219808404028091	0.00198249194754758
20.928	0.00282150838268468	0.00212606082455447	0.00194625030884524
20.96	0.00266691063773129	0.00215062406526208	0.00197045784759135
20.992	0.00275586703684822	0.00221870977459606	0.00205949009265352
21.024	0.00237400780669015	0.00197205128901494	0.00218669625062683
21.056	0.00254220492621065	0.00206358776106597	0.00221461870630432
21.088	0.00268326499955712	0.0019372616644244	0.0021458905142039
21.12	0.00243893163999949	0.00234307481032936	0.00198513420401262
21.152	0.00251160000332826	0.00196968811810589	0.00192523344994056
21.184	0.00259427798651294	0.00190518129887425	0.00200455597081973
21.216	0.00264667838917963	0.00230228544292577	0.00213125480427985
21.248	0.00249455539246842	0.00201501702734657	0.00195520466351795
21.28	0.00259283803341167	0.00184109344295903	0.00176065878163164
21.312	0.00238989524195606	0.00221905969610384	0.00205510473722193
21.344	0.00287135621174262	0.00179663733383234	0.00181432247954468
21.376	0.00232611326774903	0.00184301570110899	0.00171461884740042
21.408	0.00244899296160043	0.00212317395930292	0.00180019079147283
21.44	0.00241678584040471	0.00214879185377216	0.00209352956912628
21.472	0.0025053203900842	0.00225546088102781	0.00205316953126751
21.504	0.00240050561820126	0.00175325054971447	0.00202774976134811
21.536	0.00269653251609347	0.00183423651366285	0.00216477131112164
21.568	0.00241135257980244	0.00208777222433904	0.00214077828174402
21.6	0.00229501525279457	0.00175607306875643	0.00196228209562643
21.632	0.00251475904781561	0.00188523482618279	0.00220206037282236
21.664	0.00244813660328077	0.00185042882690822	0.00190768452262176
21.696	0.00234451165969317	0.00173846784806331	0.00181261043815817
21.728	0.0023706222601875	0.00172861224857275	0.00212335118540421
21.76	0.00251925916869865	0.00183013526436136	0.00178985911207567
21.792	0.00218591119786055	0.00157762060204278	0.00180561526243799
21.824	0.00219088479776257	0.00170217147332577	0.00173417743742469
21.856	0.00242465305208349	0.0018242202647692	0.00180904415923621
21.888	0.00225502053941587	0.00186478012137332	0.00173072622981855
21.92	0.00211616311890731	0.00181407354344313	0.00179881035113869
21.952	0.00217965088440596	0.00177101461358958	0.00182702782824063
21.984	0.00253113901379056	0.00197753184218186	0.00172362353971207
22.016	0.0021777105626279	0.00193521136567752	0.00174328278557112
22.048	0.00212234161502768	0.00184729573355996	0.00181923797620346
22.08	0.00215353944624762	0.00186564073764386	0.00164522718865745
22.112	0.00225491849002461	0.00188405871677276	0.0017620626880427
22.144	0.00228034529071967	0.00184367346529269	0.00169738937617777
22.176	0.00216759904693718	0.0018367560305603	0.00169094491321872
22.208	0.00192114338298732	0.00180161967786092	0.00159059497280741
22.24	0.00208107463758578	0.00157548363370138	0.00185512431164938
22.272	0.00206476889388506	0.00202024096591296	0.00185919626579535
22.304	0.00207948934579471	0.0017520763996903	0.00184391618582215
22.336	0.00211256346553846	0.00162429589638809	0.0017784485776877
22.368	0.00200151052837822	0.00178702148956545	0.00187170708866068
22.4	0.00191374217470177	0.00153561349113138	0.00182360310172377
22.432	0.00214811409345735	0.0014255216338922	0.00158780112704873
22.464	0.00209450705984289	0.00144724932813316	0.00165139638343378
22.496	0.00217168092853338	0.00186318461824766	0.0017503600643757
22.528	0.00208391944960635	0.00159161235872656	0.00173759306405258
22.56	0.00212528891091004	0.00159485785185363	0.00173835813395022
22.592	0.00195471413937663	0.00162409526250685	0.00166520165196276
22.624	0.00193563531885937	0.00140107636296523	0.00162581779153803
22.656	0.00201457061155429	0.00142441158108956	0.00163587013533185
22.688	0.00208999036333184	0.00176716972685479	0.00164509858716272
22.72	0.00193454863031195	0.0016049613852258	0.00176099545401998
22.752	0.00192154856888288	0.00161822577222226	0.00127706008522748
22.784	0.00181183553755991	0.00134390096075152	0.00145018411601075
22.816	0.00183267094260669	0.00139173610895594	0.00171959339840258
22.848	0.00231135922466316	0.00185105333692951	0.00167226485624287
22.88	0.00188371505660756	0.00146661930579048	0.00140818543714123
22.912	0.00189539757722352	0.00155867568386258	0.00148177160406934
22.944	0.00207319692625044	0.00161797671947776	0.00165183729145473
22.976	0.00188498616114258	0.00137786162337056	0.00163799960566615
23.008	0.00199692615022118	0.00178252224801743	0.00170281816877454
23.04	0.00204520774642953	0.00157790276319569	0.0016789636389056
23.072	0.00215946206082554	0.00157291186607472	0.00144451356107655
23.104	0.00204836089159764	0.00156795277252497	0.00161209794213407
23.136	0.00186256226943305	0.00136460824243992	0.00166470203091016
23.168	0.00196310556725094	0.00164171334406652	0.00149747241535907
23.2	0.0018791722740606	0.00154227459732935	0.00166255971882746
23.232	0.00204543606297099	0.00144775952832221	0.00164003722918356
23.264	0.00192118333779865	0.00139930930282695	0.00145491024680795
23.296	0.00188980124997556	0.00143167640385353	0.00147123285979312
23.328	0.00185031725731129	0.00143112335245491	0.00156999116023327
23.36	0.00189023775042456	0.00144164103599119	0.00141124107269371
23.392	0.00184282256947717	0.00168311995335299	0.001590498680832
23.424	0.00187142198264204	0.00144651538319409	0.00148742818605235
23.456	0.00183440856498797	0.00132263807557848	0.00140170854200052
23.488	0.00186814982162245	0.00159753058653799	0.00159863193158681
23.52	0.00184396032862632	0.00152633240467625	0.00151914900596148
23.552	0.00186346691600189	0.00163050057662971	0.00157705074947301
23.584	0.00177494396361277	0.00150923441860695	0.0014428204558352
23.616	0.00183161098658213	0.00139261709555129	0.00156627007957558
23.648	0.00176327664546694	0.00129120895077239	0.00137202021129819
23.68	0.00163661107964663	0.00150573095397652	0.00140138400275785
23.712	0.00180292577171826	0.00156556775345367	0.00120155960150449
23.744	0.00163859250801368	0.00155860251434439	0.00138606173567422
23.776	0.00180289456218385	0.00141019616201695	0.00127240555546279
23.808	0.00175905414966112	0.00113243427300206	0.00137471389600529
23.84	0.00170019759419533	0.00123363607504613	0.00165974256125647
23.872	0.00186423152835058	0.00146748054997623	0.00140739186713007
23.904	0.00170602924724846	0.00131058118690113	0.00125751412607092
23.936	0.0018885649756977	0.00120664528309627	0.00169845866124759
23.968	0.0018150676547962	0.00167148628082369	0.00102075519439583
24	0.00170669377463506	0.00144894007185749	0.00124476877791136
24.032	0.00195453791995805	0.00136006225082143	0.00144062532411563
24.064	0.00186375310635597	0.00150471639478878	0.00124309482147924
24.096	0.00170652067716911	0.0016734085218565	0.00148393651692195
24.128	0.00152266576685006	0.00149076935213802	0.00139565197374096
24.16	0.00165608793069693	0.00141355316181273	0.00120803818198839
24.192	0.00163336043964799	0.00150281419386711	0.00123010350816803
24.224	0.00153350371752688	0.00129727884614928	0.00136308471663989
24.256	0.00153175127718671	0.00129315093365067	0.00133736461612241
24.288	0.00156507486674421	0.00138714569318443	0.0013143794505493
24.32	0.00169122871074611	0.0013833799761906	0.0013039887291982
24.352	0.00143797450281224	0.00102070354059449	0.00121487306713233
24.384	0.00154248207904994	0.00132445636179033	0.00119827000982279
24.416	0.00165057423950675	0.00164237614557283	0.00148356605484099
24.448	0.00165582262557105	0.00144190500269242	0.00104178632277192
24.48	0.0017501384589244	0.00135168490612878	0.0011858255421853
24.512	0.00163388906395169	0.00152707808902002	0.00142617228679226
24.544	0.00170130729215764	9.64013175062511E-4	0.00133582406687863
24.576	0.00161804804813735	0.00113084357142233	0.00145638771559797
24.608	0.00120405488477898	0.00151389228560412	0.00129060019689332
24.64	0.00145816018528636	0.001239328242574	0.00129088889815262
24.672	0.00190587114814244	0.00122499771623193	0.00123864965967521
24.704	0.00166181769363008	0.00105538617368312	0.00137462602638329
24.736	0.00146653637404941	0.00123646032581407	0.00146964295441521
24.768	0.00144220339077412	0.00136987616483939	0.00136441446709131
24.8	0.00152317470475679	0.00129747386719057	0.00115670748121389
24.832	0.00146887402998079	0.00119591329797157	0.00147794290341312
24.864	0.0015644989484609	0.0013020970532422	0.00115854981720818
24.896	0.00138434722168661	0.00110261324836974	0.00131694467104173
24.928	0.00158493304502294	0.00115633700164215	0.00125256998432734
24.96	0.00149098261645398	0.00135607101099744	0.00111559860599405
24.992	0.00169118258804869	0.00121547031972105	0.00125707238348246
25.024	0.00122790976310689	0.00128777006141343	0.00120953666508512
25.056	0.00137670929546408	0.00116358810069617	0.00126217797507669
25.088	0.00144129452283392	0.00155244351161842	0.00127591876725525
25.12	0.00136129694235952	0.00121867471314729	0.00121357213665555
25.152	0.00150779705243355	0.00119555369857358	0.00115538459625652
25.184	0.00147901178330803	0.00116107644337549	0.00115319472674166
25.216	0.00153677345135712	0.00125185807573685	0.00114797347105131
25.248	0.00152305813028463	0.00120305382638966	0.00144527776077822
25.28	0.00161668740593455	0.00104525319263717	0.00125864446144144
25.312	0.00124854231197145	9.34009861332022E-4	0.00117595705469198
25.344	0.00140692757568397	0.00144017170692124	0.00139464329126812
25.376	0.00144258809257231	0.00107621234949166	0.00152599249034991
25.408	0.00160899476683013	0.00129421748127932	0.00114398377867537
25.44	0.00165220647518325	0.00116765899935967	0.00126029370926415
25.472	0.00143403209224686	0.00110318159207921	0.00111305070867206
25.504	0.00153416431515623	9.23065463027557E-4	0.0012324666017666
25.536	0.0013501306351343	0.00128016946651465	0.00108940873464308
25.568	0.00161016555199007	9.45135006949925E-4	9.84091221394973E-4
25.6	0.00145270940862711	0.0011430390354902	0.00100680536122494
25.632	0.00146306576058716	0.00120928744671135	0.00112888148147041
25.664	0.00132623609113492	0.00112673532890913	0.00114936895736548
25.696	0.00134433810893613	7.30579138130204E-4	0.00120678038380108
25.728	0.00155099697036722	0.00111279061001287	0.00114358452271499
25.76	0.0014648986601564	0.00112176491852603	0.00103487121748075
25.792	0.00143782619773294	0.0010194938873727	0.0010884842748074
25.824	0.00152820484440829	9.7509757029302E-4	0.00129604187082609
25.856	0.0013712499681532	0.0012260475385702	0.00121045288543756
25.888	0.00132678041813148	0.00122546671120056	0.00127343906668559
25.92	0.00143284688734626	0.0011592573352198	0.00112538642399142
25.952	0.00138270054104058	9.97361755663944E-4	0.00111665481427416
25.984	0.0016074313446313	0.00121899160048546	0.00139390568615174
26.016	0.00143559318693361	0.00110977370944139	9.96004738003088E-4
26.048	0.00136165747734015	9.1866403318283E-4	0.00104540389278463
26.08	0.00146573382636241	0.00117462796160169	0.00117690666347359
26.112	0.0013620422242326	0.00116672528946193	0.00105123064779904
26.144	0.00129237338183517	0.00102642207678355	0.00108291326578354
26.176	0.00148696518237514	9.52900902616529E-4	0.00104655265385021
26.208	0.00141696139789119	0.0012004154074541	0.00105784178033051
26.24	0.00142864837426427	0.00131609196619202	0.00123698909523379
26.272	0.00129716352932473	0.00119191000361125	0.00110324190909192
26.304	0.00125646298301924	9.54313143503701E-4	0.00100770963279422
26.336	0.00128554121580148	0.00102058071200202	0.00118207991738855
26.368	0.00137984855941891	0.00107711376449217	0.00113985452545947
26.4	0.00130109919473008	9.64218796605085E-4	0.0011659590809225
26.432	0.00137659722974585	0.00113532235007887	0.00104434015607955
26.464	0.00121488744522667	0.00118975481298877	0.00101390857894711
26.496	0.00133407715127857	9.82786165288714E-4	0.00123801540879966
26.528	0.00115009890356987	8.68317624398898E-4	0.00104822308602722
26.56	0.00133839166824657	0.00104406652094693	0.00109234715505055
26.592	0.00158482681797606	9.84259137956349E-4	0.00107801066022488
26.624	0.00125475930949729	0.0013917810003765	0.0012319233764728
26.656	0.00148455665564222	0.00131519683890747	0.00101412547983595
26.688	0.00125191807794051	0.00108794743883428	0.00127224529850482
26.72	0.00121907613897396	0.00119649361427828	9.12443838027826E-4
26.752	0.00119883436667534	0.00104706175370715	0.00127508236689645
26.784	0.00124395513797291	0.00113562063020639	0.00107057499114957
26.816	0.00140696307273723	0.00109052269683878	9.53447165091121E-4
26.848	0.00135232136803224	0.00116703347904525	8.68834906242582E-4
26.88	0.00128573151719238	0.00100266513713555	0.00111863890219921
26.912	0.00131019845858179	9.79689923398248E-4	9.3801032828379E-4
26.944	0.00108028918859076	0.00102378893664862	0.00114642009491134
26.976	0.0014252380343344	0.00106772520157064	0.00117727190252488
27.008	0.00124251826303757	9.45123462705648E-4	0.00129935025106164
27.04	0.0015533088483643	0.00119677689599909	0.00107305000710518
27.072	0.00114664249679748	9.21418612127496E-4	0.00126304183307495
27.104	0.00124519605744455	0.00102307468097017	9.48356137487609E-4
27.136	0.0012256661282792	0.00130201631197336	0.00113369564796682
27.168	0.00134543366269077	8.73041736526863E-4	0.00123582979328484
27.2	0.00122960897792862	0.00125300740931922	9.60093753768057E-4
27.232	0.00128608155530831	8.1620376722224E-4	8.38318695375649E-4
27.264	0.00137729761442885	0.00112681119349081	0.00102968632486453
27.296	0.00121417892736569	0.00117489216300401	9.62057388297871E-4
27.328	0.00125417656458343	0.00106556145087128	0.00111489398388272
27.36	0.00133185995763474	8.32085785887216E-4	0.00121016544955073
27.392	0.00139139696742821	0.00100681016131984	8.32887498185388E-4
27.424	0.00136224773558983	0.00102681460618551	0.00104116165907288
27.456	0.00123048594891584	0.00104299366409935	0.001006381218203
27.488	0.00127564149849475	0.00102573489938523	0.00108402901929733
27.52	0.00139506183827213	9.90786873573651E-4	0.00112150095768634
27.552	0.0011749353053708	9.16480643488203E-4	8.67831201299214E-4
27.584	0.00104702428066161	0.00104961470952604	0.00102432766005499
27.616	0.00115519852176215	9.13132490454254E-4	0.00108473321620003
27.648	0.00118230376219638	8.61325629933866E-4	0.00111834089332443
27.68	0.00124299096137862	9.90861129994305E-4	9.78016493083858E-4
27.712	0.0011876571923812	9.94897072600434E-4	0.00103071619010948
27.744	0.00118607267533749	0.00114331518937701	0.0010062527684469
27.776	0.00131139792313221	0.00116774904426975	0.00105085669216788
27.808	0.0012720159588374	8.4045714789857E-4	0.00105399596091051
27.84	0.00113345983844444	0.0010015767950202	0.00102433423934698
27.872	0.00106254381742045	0.00102264127251198	9.93439830855283E-4
27.904	0.00111246963704302	7.9883741399549E-4	0.00101922683141545
27.936	0.00106097610797617	9.48448927476761E-4	0.00116103147424393
27.968	0.00124832558885753	9.02164369712344E-4	9.16350972696283E-4
28	0.00125201512489593	8.89551237718754E-4	0.0010673209150842
28.032	0.00125488476375177	8.26739213830405E-4	9.83728708435517E-4
28.064	0.00124798153485693	8.8387243797546E-4	0.00102853494916343
28.096	0.00115085183205315	8.89608563094714E-4	8.54607103729982E-4
28.128	0.0012092171124847	8.99872530860493E-4	0.00107235326806921
28.16	0.00118495274395437	8.95156308055442E-4	8.82086786488842E-4
28.192	0.00109837485275589	9.42400636379867E-4	9.06787667597972E-4
28.224	0.00120933646148874	0.00111827450956124	0.00102390443269827
28.256	0.00129081622800464	8.73300007223913E-4	9.02256986846682E-4
28.288	0.00115086055819785	9.98541437254994E-4	9.6548108908968E-4
28.32	0.00118322607257981	9.78955246956493E-4	9.53888807493337E-4
28.352	0.0012592025000776	7.50593578967578E-4	8.62755393936134E-4
28.384	0.00122139911707082	8.95962354069175E-4	0.00115164741603078
28.416	0.00116613994112262	0.0010153036909361	9.63822482671817E-4
28.448	0.0012507893976201	0.00137948996934176	8.41325564026259E-4
28.48	0.0010688460951436	9.23713178428725E-4	8.74307653003864E-4
28.512	9.50852902429967E-4	9.03987999829714E-4	9.9928620346301E-4
28.544	0.00100673570307613	8.61282935193724E-4	9.75210649292506E-4
28.576	0.00109578575050955	8.8301280938373E-4	8.69566547708804E-4
28.608	0.00113668572731399	9.95509229504434E-4	0.00120982832891667
28.64	0.00116598350473328	0.0010217901963871	0.00116352176225492
28.672	0.0012316233534564	9.06865861419311E-4	8.80905835557805E-4
28.704	0.00110351098696125	9.1368747155479E-4	0.00100452374149222
28.736	0.00114430471303487	8.64372767093215E-4	0.001066398815429
28.768	8.86529360438381E-4	6.55894376169402E-4	9.25384222286474E-4
28.8	0.00104368368147242	7.93242079193625E-4	8.25966926608311E-4
28.832	0.00104140189999477	0.00102757559868904	0.00101543293821359
28.864	0.00109292448413489	9.57315298734964E-4	8.9669585763039E-4
28.896	0.00112253093396029	0.00115313535902157	0.00110108611402728
28.928	9.87155460647408E-4	9.37943304923975E-4	9.26050966782554E-4
28.96	9.65950446142767E-4	8.08141585637628E-4	8.35094823800394E-4
28.992	0.001051368149664	8.40607652660358E-4	9.33653279722149E-4
29.024	9.43650010847455E-4	9.98837506631352E-4	7.8860334439872E-4
29.056	0.00103869077571161	0.00108246587775106	8.66352591276057E-4
29.088	0.00101603153539326	9.04531022741101E-4	0.00101613911592903
29.12	0.00119944166436777	9.29181306588568E-4	0.00101178235929225
29.152	0.00100462793316119	8.76941364618506E-4	8.31169290214641E-4
29.184	0.00102301162532403	0.00118830673416097	8.12372528109399E-4
29.216	0.00112382591535118	8.3658695141758E-4	9.23427000872602E-4
29.248	0.00117921479829192	8.61851098024695E-4	9.21227209301192E-4
29.28	0.00112180708681915	0.00105475930769497	0.0010205785953187
29.312	0.00109045865831592	8.22243988266974E-4	9.13321153577629E-4
29.344	0.0010654574194451	0.00111372162409032	7.80439316752265E-4
29.376	0.00106092338987084	9.80418748706125E-4	9.49159103683298E-4
29.408	0.00111799907167658	9.066115933824E-4	8.62367464123097E-4
29.44	0.00118637280826754	8.3903489652813E-4	8.57399905983492E-4
29.472	0.00108209911301241	8.59753297688135E-4	0.00107642050792098
29.504	0.00107418814274916	8.85957449987376E-4	9.45053991714514E-4
29.536	8.52695088708584E-4	8.80412953835929E-4	8.00572258252231E-4
29.568	9.69135232722207E-4	9.8341578863202E-4	9.09800539868003E-4
29.6	0.00112438091777722	8.62411375511297E-4	8.79919593647442E-4
29.632	0.00103738339396068	8.31152629652784E-4	0.00111290442490584
29.664	9.94814490008425E-4	0.00106556778867731	7.97233518085994E-4
29.696	0.0010559141224874	7.89281123148184E-4	9.70166210784133E-4
29.728	0.00121123289635252	9.39916747734829E-4	7.60265636146614E-4
29.76	0.00100000925870668	8.56330144603542E-4	0.00100367027395232
29.792	0.00101483631613822	8.92982680465425E-4	9.04903213854222E-4
29.824	0.00108420205713819	0.00101370782018387	9.66098261617277E-4
29.856	0.00104976657844206	8.79769171131065E-4	8.13112369853971E-4
29.888	9.34137558668714E-4	8.43954423314711E-4	0.00102864051171434
29.92	9.89761972665479E-4	0.0010103397017883	9.75210022284147E-4
29.952	0.00101823642709641	9.42806197667017E-4	9.66056459467159E-4
29.984	8.31166874794174E-4	0.00108577159645684	8.9251316874809E-4
30.016	0.00117639620708142	7.85880848432248E-4	8.63771316648008E-4
30.048	0.00114005400394383	7.59734501795416E-4	0.0010231879599745
30.08	9.93731713686305E-4	8.69798335644662E-4	8.21791515387828E-4
30.112	9.20091981108984E-4	8.22400627775836E-4	7.97612757930204E-4
30.144	0.00113962205545889	8.31251631472211E-4	8.52896922992897E-4
30.176	9.37820069808282E-4	9.23568513931567E-4	8.41367488494393E-4
30.208	0.00102923821108464	7.96030086331213E-4	8.02863891715367E-4
30.24	0.00124656104877528	7.70556313627791E-4	6.84222989437327E-4
30.272	0.00111235074751652	8.6037257653321E-4	9.04909205002917E-4
30.304	9.85404588438828E-4	7.1245498579551E-4	8.83774622188089E-4
30.336	8.82898631450655E-4	9.27621686017544E-4	7.44205645104997E-4
30.368	0.00102033585412391	8.66601703859943E-4	0.00105852194671991
30.4	0.00103822919401137	8.06708201527919E-4	9.53406834105161E-4
30.432	0.0011008182940787	7.62825800308705E-4	8.90115908737818E-4
30.464	0.00100767045734614	7.26307429355898E-4	7.95974005013937E-4
30.496	0.001018857690549	0.00100608080830782	7.98186229318253E-4
30.528	0.00104594306825104	8.93814722813787E-4	9.29232310274773E-4
30.56	0.00100033896979021	8.36221046188956E-4	7.91960369332704E-4
30.592	0.00110181295445782	9.63616209867331E-4	9.16981037144788E-4
30.624	0.00104653015045813	8.91543727600907E-4	9.78805008287209E-4
30.656	8.82108661177526E-4	9.59734937243237E-4	8.52487898212937E-4
30.688	8.32664067531479E-4	7.06858066881127E-4	7.23337085202943E-4
30.72	0.00100047221631978	8.2956706120372E-4	9.92322434669633E-4
30.752	9.71393259427321E-4	8.89248121359257E-4	8.88622112248899E-4
30.784	9.70118117369826E-4	8.75268788367505E-4	8.60192912352158E-4
30.816	0.00109638000486111	9.20943936858638E-4	7.64449367810053E-4
30.848	8.03812223837086E-4	5.53323121141219E-4	8.32869122819334E-4
30.88	8.47615976224305E-4	7.52814554255401E-4	9.07826297036874E-4
30.912	0.00103610772216892	7.79050894986634E-4	9.41753474465401E-4
30.944	0.00107849182856526	9.01605832226702E-4	9.83047354067564E-4
30.976	9.34956887688013E-4	7.12102370677208E-4	8.22117952409513E-4
31.008	8.87971462491939E-4	9.78423184522175E-4	8.72557876243233E-4
31.04	9.42738042516833E-4	0.00105267070111154	7.93818243926253E-4
31.072	0.00102158980602978	8.18235605439436E-4	9.07177003147627E-4
31.104	9.2402962084299E-4	5.72674519953081E-4	8.13735725021226E-4
31.136	9.7373718927191E-4	8.06330416091922E-4	8.08216044165077E-4
31.168	9.86529344216591E-4	8.50101674575638E-4	6.8289751066169E-4
31.2	9.97596279643408E-4	8.18925721529571E-4	9.11163686552265E-4
31.232	8.68740273380243E-4	8.05061279235712E-4	7.69410955382752E-4
31.264	0.00100413211383814	7.99598533896795E-4	7.91244892595696E-4
31.296	9.16092186135785E-4	9.92534818857454E-4	9.35157024286181E-4
31.328	0.00106758349658558	8.55091439320608E-4	9.69307589565392E-4
31.36	8.94474231317024E-4	9.02956547884656E-4	8.13185226665067E-4
31.392	0.00102521281472168	8.56673480459946E-4	8.45457606296275E-4
31.424	8.53312373776158E-4	7.09224950045776E-4	7.97070677938522E-4
31.456	0.00100829629108	8.7683730574724E-4	7.66798355358102E-4
31.488	0.00102481723006587	9.14996873028311E-4	9.82208538839297E-4
31.52	9.51001081647881E-4	6.70545361542348E-4	9.04904434917866E-4
31.552	0.0010779627309082	7.79505819000393E-4	6.67649114814244E-4
31.584	8.3544784247757E-4	8.566170804917E-4	7.59252204205914E-4
31.616	9.15446777065382E-4	6.33215420927641E-4	0.00104993486100738
31.648	9.7013530634788E-4	8.37880815676811E-4	5.77574528158324E-4
31.68	9.49594288420998E-4	7.77057138885788E-4	8.17918027272313E-4
31.712	0.00109642261329848	6.2046030734227E-4	8.38368168317818E-4
31.744	9.63009994320839E-4	8.07872193597921E-4	8.72037182651789E-4
31.776	0.00103644413276651	9.26955637437327E-4	8.54736610429453E-4
31.808	0.00103276787200322	8.4031041658735E-4	7.76451210707825E-4
31.84	0.00105357458819268	6.69710733516767E-4	9.22493564043069E-4
31.872	7.52504188939399E-4	7.43402950560665E-4	9.02422251666678E-4
31.904	0.00109222523382949	7.85022477597414E-4	7.93820750653728E-4
31.936	8.45334315634723E-4	7.9854002823634E-4	8.10932244129081E-4
31.968	9.07013913973069E-4	6.80071298547911E-4	8.62992296811063E-4
32	9.83925146686838E-4	9.15009631287089E-4	8.26326791974991E-4
32.032	9.52986590304748E-4	0.00100067810265043	0.0010070816079957
32.064	0.00114020183666571	8.10672959229286E-4	9.03473143742014E-4
32.096	9.67175010402587E-4	7.88572178462478E-4	8.76608101333685E-4
32.128	7.72565990353015E-4	6.72931888580847E-4	8.45909882783803E-4
32.16	8.18492435697334E-4	8.72409755971726E-4	7.04307589055626E-4
32.192	9.08413943673197E-4	7.98282400261372E-4	6.85799863625032E-4
32.224	8.65471436416264E-4	6.97077889925601E-4	7.94903650281373E-4
32.256	0.00107200035085017	9.5676884479789E-4	0.00103096976327136
32.288	9.39406587987785E-4	8.57239960938214E-4	9.72537823161563E-4
32.32	9.54336609070638E-4	8.17353352119689E-4	8.09572633032791E-4
32.352	9.05370999332659E-4	9.49501936256494E-4	9.18238770850568E-4
32.384	0.00101000374623897	8.48682934377312E-4	8.03262933543168E-4
32.416	9.3340850123644E-4	7.7325818544879E-4	7.64210955202815E-4
32.448	9.23964654716146E-4	8.13086557293575E-4	9.13590967835377E-4
32.48	9.29242871550392E-4	7.17012940663272E-4	7.90150464886683E-4
32.512	0.00107366148164492	8.15928257482036E-4	8.91502940765162E-4
32.544	9.49012612907278E-4	6.71794192577139E-4	7.90911322012564E-4
32.576	8.6933960435367E-4	8.78528622855046E-4	8.13392778317818E-4
32.608	9.48407997456916E-4	9.29639357433714E-4	8.67546581457618E-4
32.64	0.00121059678727454	7.45354856228713E-4	7.23057219211633E-4
32.672	7.65799899129705E-4	7.81435327211352E-4	7.88568395218003E-4
32.704	9.48726630999599E-4	7.79226560000425E-4	8.96574185461401E-4
32.736	8.49702000082745E-4	9.62481049683746E-4	7.73198079880198E-4
32.768	8.31338459797094E-4	9.79422158016838E-4	6.92334537456514E-4
32.8	8.99279223768142E-4	9.97277557535978E-4	9.03896137263664E-4
32.832	8.70046180747397E-4	6.69778419435108E-4	6.71387960916181E-4
32.864	9.16803288325504E-4	8.2685519974394E-4	8.43163315419135E-4
32.896	8.60019326101316E-4	8.92822607829791E-4	9.27056353316141E-4
32.928	9.11296590195081E-4	7.82269092223301E-4	8.03393330924435E-4
32.96	9.43858311552491E-4	8.11881459843112E-4	9.16644349452314E-4
32.992	8.72971042582626E-4	8.3715431391691E-4	9.37308278072196E-4
33.024	8.87240342769994E-4	5.96653683986042E-4	6.90437637215654E-4
33.056	8.62972328930722E-4	7.93614992778743E-4	0.00104543848870863
33.088	8.51799546474504E-4	8.54651569029431E-4	6.10948949087598E-4
33.12	9.40361675533693E-4	7.70931151320355E-4	8.49359151758539E-4
33.152	8.52266837666286E-4	7.02119779324575E-4	8.81405073141652E-4
33.184	8.87877916606587E-4	6.32741673232858E-4	7.80907073801635E-4
33.216	9.76467206008522E-4	7.33792434161011E-4	6.93707086545378E-4
33.248	0.00106450926325739	6.72339289928851E-4	7.80100160126142E-4
33.28	0.00115112491071964	8.17456967579308E-4	8.26644447861291E-4
33.312	8.71999644605747E-4	7.27639150822956E-4	9.89467606265992E-4
33.344	8.42660987773321E-4	8.14569416804967E-4	8.40601168500982E-4
33.376	9.57573911996834E-4	7.6445660251769E-4	6.95932331275655E-4
33.408	9.39646657028339E-4	8.54856101089216E-4	6.74722961824988E-4
33.44	9.67876444961908E-4	8.65885794809638E-4	7.97147010715314E-4
33.472	9.70934180242284E-4	7.35851292631338E-4	7.25877264514284E-4
33.504	9.26170160506807E-4	8.77196033929585E-4	9.10374215506941E-4
33.536	8.49413948319111E-4	0.00100875897429254	9.31073663760286E-4
33.568	7.56374575403989E-4	0.00100753748491669	8.13555062392425E-4
33.6	9.1872202646684E-4	9.16410088675878E-4	8.37552080502435E-4
33.632	0.00106626159372407	6.01325907606827E-4	7.27256605862716E-4
33.664	9.24813771001073E-4	8.77250302491444E-4	8.19452951838735E-4
33.696	8.8535584841409E-4	9.54370081043728E-4	8.83385618518856E-4
33.728	9.14318599985781E-4	8.13456880710567E-4	8.05963996557209E-4
33.76	9.87304023348944E-4	7.94743335523445E-4	7.49585639765511E-4
33.792	0.00104319090879694	7.81866459584312E-4	9.69902083044848E-4
33.824	8.40989375698669E-4	8.0001401587737E-4	7.46366799114405E-4
33.856	9.21760517692083E-4	6.42901580863875E-4	8.7772632462465E-4
33.888	8.72092818680754E-4	6.4868134668696E-4	8.5919010439245E-4
33.92	9.35980165342723E-4	8.92452932014671E-4	8.05547437931804E-4
33.952	8.89935747311884E-4	6.78874600407365E-4	7.76260825617664E-4
33.984	9.26333841867746E-4	7.04343692048809E-4	6.74008094198193E-4
34.016	8.54956705164476E-4	8.19428835459243E-4	9.29618772915604E-4
34.048	8.39301592569516E-4	6.73360993858579E-4	8.24829271515938E-4
34.08	9.0003577946552E-4	9.89903411417135E-4	7.18443849382808E-4
34.112	9.79602569756918E-4	8.33944938581775E-4	7.75318134870784E-4
34.144	8.23382092343463E-4	7.14839393730103E-4	8.52199032713345E-4
34.176	8.76457810222165E-4	7.90489440242017E-4	7.95701822664918E-4
34.208	0.00100650270192589	8.1905326650669E-4	8.07154877019269E-4
34.24	9.35974340108169E-4	8.31553530619173E-4	7.01633212503678E-4
34.272	8.94613067222509E-4	7.77085614965666E-4	6.77050746672989E-4
34.304	0.00100444246590869	7.6951540357506E-4	7.84965506980128E-4
34.336	8.55480751884261E-4	8.66395126917533E-4	7.46702983477218E-4
34.368	8.40488350718001E-4	8.33630713144573E-4	8.2437097278232E-4
34.4	7.72314947752164E-4	8.97437110369111E-4	6.81761604133255E-4
34.432	9.01932973791141E-4	7.10666027209411E-4	7.45018739894508E-4
34.464	7.8308328919951E-4	8.33330126486191E-4	7.42365377108274E-4
34.496	0.00113731644574673	8.27681223741181E-4	6.39333848051652E-4
34.528	8.88019633716016E-4	9.2715853581055E-4	7.88115854269331E-4
34.56	7.87770626766176E-4	0.00101382887537947	6.10104258117659E-4
34.592	7.22379952609913E-4	8.50133372719883E-4	6.76031618342292E-4
34.624	7.30097583506165E-4	7.13818136675905E-4	8.4923092153385E-4
34.656	9.46796541568894E-4	6.9518210508605E-4	8.53649038529549E-4
34.688	8.08786823377982E-4	6.86918070927471E-4	9.91364115073123E-4
34.72	8.83257584179232E-4	7.52019242951054E-4	8.51574872522631E-4
34.752	9.21207933278065E-4	7.56271256889348E-4	7.51638257731665E-4
34.784	9.63232829648678E-4	6.76233405769803E-4	7.72383240826112E-4
34.816	9.10245378408072E-4	8.63426146604757E-4	8.68056538448219E-4
34.848	7.86285408099363E-4	8.02661831437463E-4	7.41192426356872E-4
34.88	9.91119357238885E-4	6.94473685312887E-4	7.90446764724566E-4
34.912	8.78235148296742E-4	7.19240432538684E-4	7.17707989141768E-4
34.944	9.72382427562738E-4	6.59068100787673E-4	7.83922097850731E-4
34.976	8.79027575795206E-4	7.5158455976788E-4	8.17268076825526E-4
35.008	9.27890031791839E-4	7.53496769832634E-4	7.31181667107845E-4
35.04	7.7662537914673E-4	6.86135494672456E-4	7.69378019530626E-4
35.072	9.42493334104919E-4	7.83113747399461E-4	7.66591249205032E-4
35.104	9.00768593378269E-4	8.87711888679371E-4	7.398266492436E-4
35.136	0.00108168949123551	6.39385898477962E-4	8.41856625919052E-4
35.168	9.59763464398061E-4	7.65932439097904E-4	8.269045103678E-4
35.2	7.36305107481464E-4	6.13735697914978E-4	8.06360796767025E-4
35.232	7.98102573331545E-4	7.9078440787779E-4	7.29674985208773E-4
35.264	9.10604229447748E-4	7.40552075689491E-4	7.35830812475794E-4
35.296	7.82412135684081E-4	7.26540291920368E-4	7.26672171315579E-4
35.328	9.4401860859209E-4	9.13069178859629E-4	6.99364868095707E-4
35.36	9.74726298550343E-4	6.9610660708589E-4	7.91991154973171E-4
35.392	0.00104618634720054	5.55924719247741E-4	7.67989752113896E-4
35.424	7.67097198368339E-4	7.23532458681705E-4	8.71529429430352E-4
35.456	7.58776734554177E-4	6.43039480169707E-4	7.40810375004303E-4
35.488	7.40736720564528E-4	7.08842115489999E-4	7.66735002415872E-4
35.52	0.00101504668841828	7.74134496337557E-4	7.31973763463125E-4
35.552	7.67508785068675E-4	8.34117441177665E-4	7.03827957862571E-4
35.584	8.19453825902313E-4	6.97586560684661E-4	8.42070117247112E-4
35.616	7.19493706665699E-4	6.97989111296117E-4	7.15820368027617E-4
35.648	8.25971680639687E-4	6.22142270473856E-4	6.08617514308439E-4
35.68	7.99919715737287E-4	6.02718392082507E-4	7.69153562735472E-4
35.712	6.96733452791705E-4	5.84751937532309E-4	7.30534790812251E-4
35.744	8.09936289734148E-4	5.5761911982152E-4	5.2907606788029E-4
35.776	8.30134649722825E-4	7.0071570430399E-4	7.66079199478594E-4
35.808	7.96375864937851E-4	7.87103017844169E-4	8.08002497710125E-4
35.84	0.00111763989697415	9.02643658512376E-4	7.75396971245765E-4
35.872	8.86010390671504E-4	8.38515625252633E-4	0.00103124059777486
35.904	8.37288178385971E-4	6.26051207180928E-4	7.51554711655543E-4
35.936	7.54395137381644E-4	7.45088715077497E-4	8.21936041550888E-4
35.968	8.51971025814259E-4	8.01807464924302E-4	6.78684879761667E-4
36	7.23598310581297E-4	9.4157332572067E-4	8.79843546106688E-4
36.032	7.55029742585406E-4	9.63206483429345E-4	7.78262275475153E-4
36.064	8.90327361236284E-4	9.01209924853331E-4	7.69908754141428E-4
36.096	7.73769762851203E-4	7.522337611038E-4	6.69125529426572E-4
36.128	8.5701537744011E-4	7.64395246302554E-4	6.74261052209327E-4
36.16	9.06533168280586E-4	7.70218508194537E-4	7.57428427226826E-4
36.192	7.7373284368385E-4	7.28639854096463E-4	7.89558252886018E-4
36.224	8.56775240338585E-4	7.44424075670284E-4	6.34721967619812E-4
36.256	7.56856392113921E-4	9.21905989834789E-4	7.3125668239053E-4
36.288	9.07837682775905E-4	7.39160811769196E-4	6.06957922948172E-4
36.32	7.57061485113438E-4	6.33748245611324E-4	8.53289005556779E-4
36.352	8.25004242837651E-4	8.59509541247526E-4	5.72758568229315E-4
36.384	7.11598117085128E-4	8.98017159617145E-4	5.18721989246524E-4
36.416	9.15545357715914E-4	7.18493152571482E-4	7.45915299623148E-4
36.448	8.21293842883339E-4	7.18758599511499E-4	9.14553856102643E-4
36.48	8.02597803062522E-4	6.59245388819226E-4	8.68220861037954E-4
36.512	9.63365592809014E-4	9.87759931773243E-4	7.27284880327169E-4
36.544	8.29407325884433E-4	7.72276716144729E-4	7.58625455999659E-4
36.576	7.01823852245729E-4	9.42510993440833E-4	6.61258599373698E-4
36.608	8.18858181227184E-4	6.44004006269458E-4	6.06863078421181E-4
36.64	9.61306894299969E-4	7.68322750893722E-4	9.35369622134199E-4
36.672	8.17157424453864E-4	9.54211209296907E-4	6.71032790391487E-4
36.704	9.3575051027074E-4	7.63709165366086E-4	6.48170038532136E-4
36.736	7.6396548098687E-4	7.52341330534472E-4	7.37866018593399E-4
36.768	0.00110868196959377	7.04440802723714E-4	8.31672328087736E-4
36.8	7.20165914921724E-4	7.99258399598312E-4	7.33958685751988E-4
36.832	7.56028410230929E-4	8.99478053171583E-4	7.75275251408282E-4
36.864	7.98867518746721E-4	7.532778995868E-4	8.76224996711913E-4
36.896	7.90780180274096E-4	8.06461476891803E-4	6.9881179779336E-4
36.928	8.1104797731364E-4	6.67562423065264E-4	6.56390572598811E-4
36.96	8.62518184934904E-4	8.73409286264113E-4	6.87260152969017E-4
36.992	6.75617883766954E-4	8.16496929609883E-4	6.91210113733857E-4
37.024	0.00100016824583699	8.37885513456212E-4	8.25505775484412E-4
37.056	8.66486475060819E-4	6.43577343388985E-4	6.49194161750916E-4
37.088	8.36813329839105E-4	6.62634298116055E-4	7.42748386423682E-4
37.12	7.37774594773389E-4	7.21218254594042E-4	0.00105105131153715
37.152	7.02799307498224E-4	7.20318546850708E-4	7.34843772080985E-4
37.184	8.95375983556137E-4	7.39695358196644E-4	8.68083296494527E-4
37.216	9.40967300219108E-4	7.78512160753935E-4	8.10728996945582E-4
37.248	8.88424928320343E-4	8.50933844080734E-4	7.13447035163768E-4
37.28	7.34217780563611E-4	6.82313969647935E-4	0.00100233760536749
37.312	8.36058537069028E-4	6.73433474616457E-4	6.05221493162193E-4
37.344	9.24036344547341E-4	6.52007545687595E-4	8.83464190994387E-4
37.376	7.26813176435228E-4	6.75343449880805E-4	8.80305959372173E-4
37.408	9.30159948689709E-4	8.42848540209756E-4	6.68064396206285E-4
37.44	0.0011032874895342	7.19226034505609E-4	7.27049400502972E-4
37.472	9.78078144548552E-4	9.18577903698685E-4	8.31751783654365E-4
37.504	9.18922747396589E-4	6.48670850707724E-4	7.46674407827915E-4
37.536	9.03111613004919E-4	0.0010026591544721	7.0697332174999E-4
37.568	0.00108780486388407	7.19106737885611E-4	8.27830353467006E-4
37.6	0.00107262065982783	7.33438281540386E-4	8.36743236394991E-4
37.632	0.00105494683744638	0.00100093370819306	8.28027120367067E-4
37.664	0.00101741964243916	8.88847795696192E-4	8.69566659820426E-4
37.696	0.00106049995900226	7.34650545194689E-4	7.35028540550806E-4
37.728	0.00104023118572294	7.77717640260627E-4	8.12221285184334E-4
37.76	0.00115567012793659	7.62286048415623E-4	5.81906455036581E-4
37.792	0.00116434488576123	8.51098634044425E-4	9.29658648372687E-4
37.824	9.50802417918678E-4	7.36717554567804E-4	7.12916761195305E-4
37.856	0.00131037805252831	7.90000244320728E-4	9.43266528998777E-4
37.888	0.00114536926898296	7.41669751724879E-4	7.85669977632049E-4
37.92	9.36856430168806E-4	8.2854260948461E-4	9.63366549850458E-4
37.952	0.00113457010969659	9.26056265942456E-4	8.22480795187581E-4
37.984	0.00108405230631904	7.34956549616989E-4	7.84801578302425E-4
38.016	0.00131621635540705	9.54194082075634E-4	7.41272687118978E-4
38.048	0.00101006462260893	7.1294745808027E-4	6.06290591752607E-4
38.08	0.00100005127243676	8.5783287889271E-4	8.47144800330327E-4
38.112	9.48511744668502E-4	8.27287837527649E-4	8.43141102761843E-4
38.144	0.00108624818519219	6.92813652784212E-4	6.42824710516291E-4
38.176	0.00122358959096084	8.42604911871433E-4	6.88596503963787E-4
38.208	0.00113041877939753	0.00100906957603685	8.144018620421E-4
38.24	0.00105345012149576	7.68703614535252E-4	7.10343724905065E-4
38.272	0.00115099323917678	8.10153277704036E-4	6.80104929884035E-4
38.304	0.00102031747243092	7.6634017223371E-4	7.46524539997658E-4
38.336	0.00113477888194391	7.04568647039084E-4	7.7779357539873E-4
38.368	9.81374781729697E-4	5.95348571852097E-4	7.18854810352711E-4
38.4	9.51800986302103E-4	8.17833520757731E-4	8.65305441061674E-4
38.432	0.00109191027954291	7.46289070383177E-4	7.50884061319079E-4
38.464	9.9167168250149E-4	8.66288041882434E-4	8.02752050346893E-4
38.496	0.00105275426672498	6.06612721019931E-4	8.47531636077093E-4
38.528	8.7725252409151E-4	9.41965503635363E-4	7.80410861889111E-4
38.56	0.0011232891386494	6.76189429382402E-4	8.34626858775239E-4
38.592	9.8274717573253E-4	6.72196347286735E-4	8.32609943809859E-4
38.624	0.00100218185083792	6.25920867224906E-4	8.62259161413599E-4
38.656	8.11893796421243E-4	8.2932104383207E-4	8.74699811887892E-4
38.688	0.00101585665437862	4.71014543905572E-4	6.86006218586523E-4
38.72	0.00104658913024418	5.96668251215695E-4	6.87934845438071E-4
38.752	7.99146408365889E-4	6.25644366161495E-4	7.37645001807243E-4
38.784	7.1680057361877E-4	5.56314469347338E-4	4.87643875065138E-4
38.816	5.84484900327486E-4	6.79657687464809E-4	3.99775720188407E-4
38.848	8.52964148133241E-4	4.10747809881572E-4	4.39037656573339E-4
38.88	7.47086898444889E-4	2.32176288188692E-4	4.03668145316289E-4
38.912	5.98659975443007E-4	1.47811375106263E-4	3.37934560819175E-4
38.944	5.17543969361847E-4	3.83982061227038E-5	3.75266655483175E-4
38.976	4.70230417079834E-4	1.27174498246483E-4	2.78636676212735E-4
39.008	3.96354304477998E-4	6.31552355690287E-5	2.80559881542829E-4
39.04	6.41344220773953E-4	4.10389431375682E-5	2.2377677400763E-4
39.072	3.59780686586118E-4	2.7037988373665E-5	6.45639302402386E-5
39.104	4.17024875019258E-4	3.83371148779306E-5	1.82619247977821E-4
39.136	3.95290389193059E-4	3.42794460441519E-5	3.33832910281341E-5
39.168	4.57881481769602E-4	3.42794460441519E-5	7.56665321878052E-5
39.2	3.89690859677344E-4	0	8.41120150312268E-5
39.232	4.86026221701763E-4	1.02838338132456E-4	1.12688753662385E-4
39.264	2.96333978539646E-4	3.15776177845143E-5	1.12688753662385E-4
39.296	2.81820894082513E-4	0	0
39.328	2.09622750490891E-4	0	0
39.36	2.24845723056617E-4	0	0
39.392	8.88492256541999E-5	0	0
39.424	4.16779544459958E-5	0	0
39.456	0	0	0
39.488	0	0	0
39.52	0	0	0
39.552	0	0	0
39.584	0	0	0
39.616	0	0	0
39.648	0	0	0
39.68	0	0	0
39.712	0	0	0
39.744	0	0	0
39.776	0	0	0
39.808	0	0	0
39.84	0	0	0
39.872	0	0	0
39.904	0	0	0
39.936	0	0	0
39.968	0	0	0
40	0	0	0
